tw=0.00&balance=99,939.00&accm=cp&acci=0&rmul=12~20~10&index=49&balance_cash=99,939.00&reel_set=2&balance_bonus=0.00&na=s&accv=10&bl=0&stime=1703242741973&sa=10,7,6,11,8,3&sb=10,10,5,10,6,8&sh=5&c=0.10&sver=5&counter=98&l=20&s=10,9,6,11,8,9,11,9,7,5,10,9,11,6,7,5,10,5,6,6,12,8,11,5,6,10,5,8,11,8&w=0.00,
tw=0.00&balance=99,937.00&accm=cp&acci=0&index=50&balance_cash=99,937.00&reel_set=1&balance_bonus=0.00&na=s&accv=0&bl=0&stime=1703242878618&sa=1,10,4,11,4,3&sb=11,6,4,9,9,9&sh=5&c=0.10&sver=5&counter=100&l=20&s=6,6,9,10,6,3,6,7,3,9,8,9,11,7,7,4,8,9,8,10,10,4,1,5,10,9,7,9,5,5&w=0.00,
tw=0.00&balance=99,935.00&accm=cp&acci=0&index=51&balance_cash=99,935.00&reel_set=1&balance_bonus=0.00&na=s&accv=0&bl=0&stime=1703242882152&sa=11,11,10,4,11,8&sb=11,3,4,11,9,9&sh=5&c=0.10&sver=5&counter=102&l=20&s=8,9,9,4,11,3,8,7,11,7,8,7,9,4,11,9,10,11,10,4,10,7,10,6,7,1,4,11,9,9&w=0.00,
tw=0.00&balance=99,933.00&accm=cp&acci=0&index=52&balance_cash=99,933.00&reel_set=1&balance_bonus=0.00&na=s&accv=0&bl=0&stime=1703242888175&sa=6,8,3,9,5,10&sb=9,9,8,4,8,3&sh=5&c=0.10&sver=5&counter=104&l=20&s=6,8,5,9,9,8,11,11,10,6,11,10,8,7,5,8,6,4,10,11,7,6,6,11,11,1,7,10,8,4&w=0.00,
tw=0.00&balance=99,931.00&accm=cp&acci=0&index=53&balance_cash=99,931.00&reel_set=1&balance_bonus=0.00&na=s&accv=0&bl=0&stime=1703242903924&sa=4,7,7,9,8,10&sb=11,10,4,4,6,7&sh=5&c=0.10&sver=5&counter=106&l=20&s=4,10,8,9,1,11,3,9,7,6,5,9,3,6,9,8,9,9,7,6,11,6,11,8,6,11,11,10,6,8&w=0.00,
tw=0.00&balance=99,929.00&accm=cp&acci=0&index=54&balance_cash=99,929.00&reel_set=1&balance_bonus=0.00&na=s&accv=0&bl=0&stime=1703242906775&sa=10,11,9,6,9,9&sb=11,8,6,7,9,4&sh=5&c=0.10&sver=5&counter=108&l=20&s=9,1,8,8,10,9,10,9,10,6,7,9,8,9,7,10,7,10,8,6,11,4,11,8,3,6,11,4,11,10&w=0.00,
tw=0.00&balance=99,927.00&accm=cp&acci=0&index=55&balance_cash=99,927.00&reel_set=1&balance_bonus=0.00&na=s&accv=0&bl=0&stime=1703242909727&sa=3,8,11,7,11,11&sb=7,10,7,10,7,10&sh=5&c=0.10&sver=5&counter=110&l=20&s=7,10,10,11,6,9,6,4,4,11,11,9,11,11,4,6,6,8,5,9,9,7,11,8,5,9,3,6,10,7&w=0.00,
tw=0.50&tmb=4,11~6,11~7,11~10,11~12,11~13,11~15,11~21,11~29,11&balance=99,925.00&accm=cp&acci=0&index=56&balance_cash=99,925.00&reel_set=2&balance_bonus=0.00&na=s&accv=0&rs=mc&tmb_win=0.50&l0=0~0.50~4~6~7~10~12~13~15~21~29&rs_p=0&bl=0&stime=1703242912694&sa=6,8,7,8,5,10&sb=9,10,10,5,8,11&rs_c=1&sh=5&rs_m=1&c=0.10&sver=5&counter=112&l=20&s=6,10,7,10,11,5,11,11,4,10,11,5,11,11,4,11,6,7,10,9,9,11,6,7,10,9,9,5,8,11&w=0.50,
tw=0.00&balance=99,924.50&accm=cp&acci=0&index=59&balance_cash=99,924.50&reel_set=1&balance_bonus=0.00&na=s&accv=0&bl=0&stime=1703242922667&sa=7,9,7,11,10,9&sb=10,8,9,10,7,6&sh=5&c=0.10&sver=5&counter=118&l=20&s=6,10,10,3,7,8,11,10,7,11,4,7,5,11,4,3,4,10,5,4,11,7,11,8,7,10,9,7,9,5&w=0.00,
tw=0.00&balance=99,922.50&accm=cp&acci=0&index=60&balance_cash=99,922.50&reel_set=1&balance_bonus=0.00&na=s&accv=0&bl=0&stime=1703242925717&sa=11,9,11,9,7,10&sb=8,10,7,4,5,3&sh=5&c=0.10&sver=5&counter=120&l=20&s=9,9,10,9,4,8,7,6,4,6,6,10,6,6,4,8,8,4,6,8,9,6,8,11,11,8,3,10,1,4&w=0.00,
tw=0.00&balance=99,920.50&accm=cp&acci=0&index=61&balance_cash=99,920.50&reel_set=1&balance_bonus=0.00&na=s&accv=0&bl=0&stime=1703242928727&sa=8,1,7,3,7,7&sb=9,5,5,10,5,9&sh=5&c=0.10&sver=5&counter=122&l=20&s=3,3,1,11,4,6,11,11,10,3,6,10,11,11,3,7,8,6,4,9,5,7,8,11,4,5,10,10,1,11&w=0.00,
tw=4.50&tmb=1,5~4,11~5,5~6,5~7,5~9,11~10,11~11,5~12,5~14,11~15,11~17,11~20,11~21,5~23,11~27,5~29,11&balance=99,918.50&accm=cp&acci=0&index=62&balance_cash=99,918.50&reel_set=0&balance_bonus=0.00&na=s&accv=0&rs=mc&tmb_win=4.50&l0=0~4.00~1~5~6~7~11~12~21~27&l1=0~0.50~4~9~10~14~15~17~20~23~29&rs_p=0&bl=0&stime=1703242931727&sa=10,10,10,4,8,8&sb=11,3,8,7,9,9&rs_c=1&sh=5&rs_m=1&c=0.10&sver=5&counter=124&l=20&s=10,5,8,4,11,5,5,5,8,11,11,5,5,8,11,11,7,11,8,8,11,5,7,11,8,3,8,5,9,11&w=4.50,
tw=0.00&balance=99,924.20&accm=cp&acci=0&index=66&balance_cash=99,924.20&reel_set=1&balance_bonus=0.00&na=s&accv=0&bl=0&stime=1703242941028&sa=11,11,10,11,10,7&sb=11,5,4,9,10,11&sh=5&c=0.10&sver=5&counter=132&l=20&s=8,8,9,9,11,10,8,8,11,9,7,5,9,10,11,6,1,5,10,10,10,11,9,7,7,5,4,10,10,7&w=0.00,
tw=1.50&tmb=0,11~1,11~3,9~6,11~7,11~9,9~10,9~16,9~19,9~20,11~22,9~23,11~24,9~25,9~26,11~29,11&balance=99,922.20&accm=cp&acci=0&index=67&balance_cash=99,922.20&reel_set=0&balance_bonus=0.00&na=s&accv=0&rs=mc&tmb_win=1.50&l0=0~1.00~3~9~10~16~19~22~24~25&l1=0~0.50~0~1~6~7~20~23~26~29&rs_p=0&bl=0&stime=1703242944432&sa=6,11,8,6,7,3&sb=9,6,6,11,3,9&rs_c=1&sh=5&rs_m=1&c=0.10&sver=5&counter=134&l=20&s=11,11,8,9,7,6,11,11,10,9,9,6,10,1,10,10,9,6,10,9,11,10,9,11,9,9,11,10,3,11&w=1.50,
tw=0.80&tmb=1,10~3,10~10,10~11,10~14,10~16,10~18,10~24,10&balance=99,927.60&accm=cp&acci=0&index=74&balance_cash=99,927.60&reel_set=1&balance_bonus=0.00&na=s&accv=0&rs=mc&tmb_win=0.80&l0=0~0.80~1~3~10~11~14~16~18~24&rs_p=0&bl=0&stime=1703242962631&sa=10,9,8,6,1,8&sb=4,6,11,7,4,7&rs_c=1&sh=5&rs_m=1&c=0.10&sver=5&counter=148&l=20&s=7,10,9,10,9,7,11,3,8,4,10,10,9,6,10,4,10,5,10,7,7,7,11,5,10,8,11,9,7,7&w=0.80,
tw=0.00&balance=99,928.40&accm=cp&acci=0&index=78&balance_cash=99,928.40&reel_set=1&balance_bonus=0.00&na=s&accv=0&bl=0&stime=1703242971332&sa=10,7,8,4,3,7&sb=11,6,4,5,9,11&sh=5&c=0.10&sver=5&counter=156&l=20&s=11,11,7,9,11,10,9,1,9,9,11,5,7,9,11,4,8,5,6,9,11,11,10,7,6,6,4,10,10,7&w=0.00,
tw=0.00&balance=99,926.40&accm=cp&acci=0&index=79&balance_cash=99,926.40&reel_set=1&balance_bonus=0.00&na=s&accv=0&bl=0&stime=1703242974684&sa=11,8,9,6,9,7&sb=10,9,6,3,7,3&sh=5&c=0.10&sver=5&counter=158&l=20&s=10,11,8,10,7,7,7,7,10,9,8,11,11,11,7,8,8,9,9,1,11,7,9,10,10,9,11,10,10,11&w=0.00,
tw=0.00&balance=99,924.40&accm=cp&acci=0&index=80&balance_cash=99,924.40&reel_set=1&balance_bonus=0.00&na=s&accv=0&bl=0&stime=1703242977789&sa=11,11,7,9,10,8&sb=8,7,4,4,8,3&sh=5&c=0.10&sver=5&counter=160&l=20&s=8,9,8,9,10,10,6,5,7,6,11,4,10,5,9,8,7,11,9,10,11,6,4,4,10,6,11,10,6,3&w=0.00,
tw=0.00&balance=99,922.40&accm=cp&acci=0&index=81&balance_cash=99,922.40&reel_set=1&balance_bonus=0.00&na=s&accv=0&bl=0&stime=1703242980755&sa=8,1,9,10,9,8&sb=6,8,10,10,7,7&sh=5&c=0.10&sver=5&counter=162&l=20&s=10,9,11,5,7,8,11,9,11,8,8,7,9,6,4,8,8,10,7,6,4,8,9,5,6,8,7,10,10,5&w=0.00,
tw=0.00&balance=99,920.40&accm=cp&acci=0&index=82&balance_cash=99,920.40&reel_set=1&balance_bonus=0.00&na=s&accv=0&bl=0&stime=1703242983776&sa=10,11,4,3,5,11&sb=6,5,4,4,9,5&sh=5&c=0.10&sver=5&counter=164&l=20&s=4,8,9,7,7,4,4,8,3,7,9,3,3,10,7,10,7,3,3,10,10,10,8,9,7,5,7,1,8,9&w=0.00,
tw=0.00&balance=99,918.40&accm=cp&acci=0&index=83&balance_cash=99,918.40&reel_set=1&balance_bonus=0.00&na=s&accv=0&bl=0&stime=1703242986712&sa=8,10,9,6,9,9&sb=8,11,11,9,10,6&sh=5&c=0.10&sver=5&counter=166&l=20&s=9,3,3,11,11,8,10,6,7,10,6,7,7,7,10,9,6,10,11,8,7,4,8,8,11,6,4,4,8,5&w=0.00,
tw=0.00&balance=99,916.40&accm=cp&acci=0&index=84&balance_cash=99,916.40&reel_set=1&balance_bonus=0.00&na=s&accv=0&bl=0&stime=1703242990031&sa=5,9,4,7,9,6&sb=11,6,10,4,7,9&sh=5&c=0.10&sver=5&counter=168&l=20&s=5,10,7,7,4,10,8,3,10,10,5,6,10,6,9,10,5,11,11,7,11,1,7,11,6,8,11,4,9,9&w=0.00,
tw=0.80&tmb=3,10~4,10~5,10~10,10~14,10~17,10~18,10~25,10~27,10&balance=99,914.40&accm=cp&acci=0&index=85&balance_cash=99,914.40&reel_set=1&balance_bonus=0.00&na=s&accv=0&rs=mc&tmb_win=0.80&l0=0~0.80~3~4~5~10~14~17~18~25~27&rs_p=0&bl=0&stime=1703242992798&sa=11,9,8,6,8,9&sb=1,10,11,3,6,4&rs_c=1&sh=5&rs_m=1&c=0.10&sver=5&counter=170&l=20&s=5,7,9,10,10,10,5,11,8,9,10,8,7,8,10,8,11,10,10,8,7,7,6,4,9,10,11,10,11,11&w=0.80,
tw=0.00&balance=99,922.30&accm=cp&acci=0&index=92&balance_cash=99,922.30&reel_set=1&balance_bonus=0.00&na=s&accv=0&bl=0&stime=1703243011581&sa=6,5,8,7,9,11&sb=9,10,7,4,7,11&sh=5&c=0.10&sver=5&counter=184&l=20&s=11,5,11,7,4,3,5,10,7,10,5,7,5,6,5,10,5,6,7,7,10,1,7,10,10,7,9,4,9,6&w=0.00,
tw=0.00&balance=99,920.30&accm=cp&acci=0&index=93&balance_cash=99,920.30&reel_set=1&balance_bonus=0.00&na=s&accv=0&bl=0&stime=1703243015766&sa=5,4,7,5,10,8&sb=11,5,6,11,11,7&sh=5&c=0.10&sver=5&counter=186&l=20&s=5,1,5,8,10,8,8,3,10,8,11,7,10,11,9,8,6,10,11,11,7,10,11,5,6,9,10,10,6,5&w=0.00,
tw=0.00&balance=99,918.30&accm=cp&acci=0&index=94&balance_cash=99,918.30&reel_set=1&balance_bonus=0.00&na=s&accv=0&bl=0&stime=1703243019082&sa=3,5,4,4,5,11&sb=11,9,7,11,9,7&sh=5&c=0.10&sver=5&counter=188&l=20&s=11,10,4,11,7,9,11,6,9,10,9,9,4,7,3,5,7,10,4,7,7,5,8,8,9,10,10,11,8,3&w=0.00,
tw=0.00&balance=99,916.30&accm=cp&acci=0&index=95&balance_cash=99,916.30&reel_set=0&balance_bonus=0.00&na=s&accv=0&bl=0&stime=1703243021950&sa=9,11,4,7,11,10&sb=10,5,8,6,4,11&sh=5&c=0.10&sver=5&counter=190&l=20&s=1,11,9,7,6,10,6,8,9,11,6,5,6,8,10,11,10,5,11,10,10,6,10,7,11,10,8,6,4,7&w=0.00,
tw=0.00&balance=99,914.30&accm=cp&acci=0&index=96&balance_cash=99,914.30&reel_set=1&balance_bonus=0.00&na=s&accv=0&bl=0&stime=1703243029441&sa=8,10,8,11,9,6&sb=5,6,8,9,9,9&sh=5&c=0.10&sver=5&counter=192&l=20&s=7,6,7,10,10,7,11,7,1,9,7,6,11,7,5,4,7,4,9,10,11,4,11,11,10,9,5,9,11,9&w=0.00,
tw=0.00&balance=99,912.30&accm=cp&acci=0&index=97&balance_cash=99,912.30&reel_set=1&balance_bonus=0.00&na=s&accv=0&bl=0&stime=1703243033029&sa=8,9,7,11,1,6&sb=7,4,5,10,8,8&sh=5&c=0.10&sver=5&counter=194&l=20&s=10,6,1,3,5,9,11,6,10,11,9,9,6,8,3,3,11,8,11,8,5,7,6,7,10,10,10,7,6,10&w=0.00,
tw=0.00&balance=99,910.30&accm=cp&acci=0&index=98&balance_cash=99,910.30&reel_set=1&balance_bonus=0.00&na=s&accv=0&bl=0&stime=1703243035577&sa=6,11,6,7,10,9&sb=7,8,5,11,7,11&sh=5&c=0.10&sver=5&counter=196&l=20&s=11,1,8,10,7,9,8,9,7,10,4,10,10,9,1,1,4,8,11,6,5,4,11,10,9,6,11,4,9,4&w=0.00,
tw=0.00&balance=99,908.30&accm=cp&acci=0&index=99&balance_cash=99,908.30&reel_set=1&balance_bonus=0.00&na=s&accv=0&bl=0&stime=1703243037612&sa=8,6,9,11,8,9&sb=5,7,9,8,11,6&sh=5&c=0.10&sver=5&counter=198&l=20&s=7,11,11,6,8,10,11,10,11,7,9,8,11,8,10,6,10,3,9,8,4,10,7,7,10,11,4,9,7,11&w=0.00,
tw=0.00&balance=99,906.30&accm=cp&acci=0&index=100&balance_cash=99,906.30&reel_set=0&balance_bonus=0.00&na=s&accv=0&bl=0&stime=1703243040464&sa=8,10,5,11,6,11&sb=9,11,11,9,11,10&sh=5&c=0.10&sver=5&counter=200&l=20&s=11,4,5,11,8,9,11,4,7,6,8,9,11,9,7,6,10,9,7,9,8,6,10,10,7,9,8,9,11,10&w=0.00,
tw=0.00&balance=99,904.30&accm=cp&acci=0&index=101&balance_cash=99,904.30&reel_set=1&balance_bonus=0.00&na=s&accv=0&bl=0&stime=1703243043920&sa=9,7,9,9,11,4&sb=9,6,7,3,1,5&sh=5&c=0.10&sver=5&counter=202&l=20&s=11,11,10,8,7,3,8,1,7,7,4,3,7,9,8,10,6,9,11,9,8,3,8,9,11,6,11,11,8,5&w=0.00,
tw=0.00&balance=99,902.30&accm=cp&acci=0&index=102&balance_cash=99,902.30&reel_set=1&balance_bonus=0.00&na=s&accv=0&bl=0&stime=1703243050791&sa=9,4,11,11,4,9&sb=10,5,1,9,8,6&sh=5&c=0.10&sver=5&counter=204&l=20&s=1,1,11,9,5,8,6,3,6,9,5,7,6,11,6,6,7,10,11,11,8,11,9,8,8,9,7,10,7,5&w=0.00,
tw=0.00&balance=99,900.30&accm=cp&acci=0&index=103&balance_cash=99,900.30&reel_set=1&balance_bonus=0.00&na=s&accv=0&bl=0&stime=1703243054876&sa=11,9,8,9,7,3&sb=8,6,10,4,11,11&sh=5&c=0.10&sver=5&counter=206&l=20&s=11,10,11,9,11,7,4,3,7,6,11,6,4,6,8,8,9,10,9,7,9,6,3,6,11,8,8,10,3,11&w=0.00,
tw=0.00&balance=99,898.30&accm=cp&acci=0&index=104&balance_cash=99,898.30&reel_set=1&balance_bonus=0.00&na=s&accv=0&bl=0&stime=1703243057896&sa=1,10,7,3,10,11&sb=11,10,3,7,10,11&sh=5&c=0.10&sver=5&counter=208&l=20&s=6,10,10,11,11,3,6,5,6,3,7,7,11,5,7,11,1,6,8,7,1,3,9,10,10,9,10,7,10,6&w=0.00,
tw=0.80&tmb=0,10~5,10~8,10~10,10~12,10~13,10~16,10~27,10&balance=99,896.40&accm=cp&acci=0&index=109&balance_cash=99,896.40&reel_set=1&balance_bonus=0.00&na=s&accv=0&rs=mc&tmb_win=0.80&l0=0~0.80~0~5~8~10~12~13~16~27&rs_p=0&bl=0&stime=1703243067586&sa=6,6,11,10,11,6&sb=3,9,3,5,5,9&rs_c=1&sh=5&rs_m=1&c=0.10&sver=5&counter=218&l=20&s=10,8,11,1,8,10,9,8,10,4,10,6,10,10,4,4,10,11,8,4,4,11,9,11,8,11,9,10,9,9&w=0.80,
tw=0.00&balance=99,895.70&accm=cp&acci=0&index=113&balance_cash=99,895.70&reel_set=0&balance_bonus=0.00&na=s&accv=0&bl=0&stime=1703243434173&sa=3,8,5,9,7,9&sb=5,8,7,8,11,11&sh=5&c=0.10&sver=5&counter=226&l=20&s=3,8,9,11,1,9,11,10,9,11,9,8,11,10,6,5,10,8,11,5,6,5,10,7,5,5,7,8,11,7&w=0.00,
tw=0.00&balance=99,893.70&accm=cp&acci=0&index=114&balance_cash=99,893.70&reel_set=0&balance_bonus=0.00&na=s&accv=0&bl=0&stime=1703243437339&sa=6,11,3,10,5,9&sb=10,7,7,7,8,1&sh=5&c=0.10&sver=5&counter=228&l=20&s=8,11,3,10,11,9,8,5,5,4,11,5,8,5,5,4,6,5,10,10,5,7,6,8,10,10,7,7,8,8&w=0.00,
tw=1.80&tmb=0,10~4,10~6,10~12,10~14,10~17,10~20,10~21,10~23,10~27,10&balance=99,891.70&accm=cp&acci=0&index=115&balance_cash=99,891.70&reel_set=0&balance_bonus=0.00&na=s&accv=0&rs=mc&tmb_win=1.80&l0=0~1.80~0~4~6~12~14~17~20~21~23~27&rs_p=0&bl=0&stime=1703243440992&sa=8,9,7,9,10,9&sb=6,10,4,4,8,5&rs_c=1&sh=5&rs_m=1&c=0.10&sver=5&counter=230&l=20&s=10,9,9,9,10,8,10,11,9,6,11,8,10,11,10,6,11,10,11,8,10,10,6,10,11,8,4,10,6,5&w=1.80,
tw=0.00&balance=99,891.50&accm=cp&acci=0&index=118&balance_cash=99,891.50&reel_set=1&balance_bonus=0.00&na=s&accv=0&bl=0&stime=1703243447899&sa=4,5,9,6,10,8&sb=5,6,10,3,11,7&sh=5&c=0.10&sver=5&counter=236&l=20&s=3,5,7,10,10,7,3,7,10,9,11,10,7,9,6,8,6,5,6,10,7,7,11,5,11,3,1,10,6,7&w=0.00,
tw=0.00&balance=99,889.50&accm=cp&acci=0&index=119&balance_cash=99,889.50&reel_set=1&balance_bonus=0.00&na=s&accv=0&bl=0&stime=1703243451536&sa=9,7,7,4,1,10&sb=9,4,11,5,4,11&sh=5&c=0.10&sver=5&counter=238&l=20&s=11,8,8,9,9,8,8,6,9,9,10,5,7,11,8,4,10,6,11,9,10,11,11,11,11,7,7,10,7,10&w=0.00,
tw=0.00&balance=99,887.50&accm=cp&acci=0&index=120&balance_cash=99,887.50&reel_set=1&balance_bonus=0.00&na=s&accv=0&bl=0&stime=1703243454569&sa=8,10,11,7,10,8&sb=9,6,5,10,11,11&sh=5&c=0.10&sver=5&counter=240&l=20&s=3,6,5,11,9,1,11,7,8,11,9,6,11,7,8,6,5,7,4,10,11,7,5,6,4,9,7,6,10,4&w=0.00,
tw=1.00&tmb=2,9~4,9~8,9~10,9~11,9~13,9~17,9~19,9&balance=99,879.50&accm=cp&acci=0&index=124&balance_cash=99,879.50&reel_set=0&balance_bonus=0.00&na=s&accv=0&rs=mc&tmb_win=1.00&l0=0~1.00~2~4~8~10~11~13~17~19&rs_p=0&bl=0&stime=1703243898644&sa=10,10,5,7,9,3&sb=6,10,7,4,11,8&rs_c=1&sh=5&rs_m=1&c=0.10&sver=5&counter=248&l=20&s=10,11,9,7,9,3,10,11,9,10,9,9,11,9,6,10,3,9,11,9,6,1,3,5,6,10,7,4,11,5&w=1.00,
tw=1.00&tmb=1,9~7,9~9,9~15,9~22,9~23,9~28,9~29,9&balance=99,878.50&accm=cp&acci=0&index=127&balance_cash=99,878.50&reel_set=0&balance_bonus=0.00&na=s&accv=0&rs=mc&tmb_win=1.00&l0=0~1.00~1~7~9~15~22~23~28~29&rs_p=0&bl=0&stime=1703243905165&sa=6,1,8,7,11,6&sb=10,8,7,10,9,9&rs_c=1&sh=5&rs_m=1&c=0.10&sver=5&counter=254&l=20&s=8,9,11,7,11,6,8,9,11,9,7,11,8,6,4,9,7,11,10,6,4,11,9,9,10,8,7,11,9,9&w=1.00,
tw=0.00&balance=99,879.60&accm=cp&acci=0&index=132&balance_cash=99,879.60&reel_set=1&balance_bonus=0.00&na=s&accv=0&bl=0&stime=1703243914891&sa=7,4,1,10,8,1&sb=9,11,7,9,5,9&sh=5&c=0.10&sver=5&counter=264&l=20&s=6,11,10,5,10,6,6,9,3,5,10,7,11,9,5,11,9,6,8,10,10,11,9,4,8,10,5,9,5,11&w=0.00,
tw=0.00&balance=99,877.60&accm=cp&acci=0&index=133&balance_cash=99,877.60&reel_set=1&balance_bonus=0.00&na=s&accv=0&bl=0&stime=1703243918157&sa=8,11,9,8,7,8&sb=5,7,10,11,11,3&sh=5&c=0.10&sver=5&counter=266&l=20&s=7,9,7,8,11,10,11,5,10,8,11,4,11,5,6,10,9,11,9,10,7,10,3,4,10,6,1,11,3,3&w=0.00,
tw=0.00&balance=99,875.60&accm=cp&acci=0&index=134&balance_cash=99,875.60&reel_set=0&balance_bonus=0.00&na=s&accv=0&bl=0&stime=1703243923394&sa=9,9,5,3,9,10&sb=3,4,7,10,7,11&sh=5&c=0.10&sver=5&counter=268&l=20&s=10,9,9,3,8,3,10,10,9,9,8,3,4,10,6,9,8,6,4,10,6,6,11,6,3,4,7,6,11,6&w=0.00,
tw=2.00&tmb=2,9~8,9~10,9~16,9~17,9~19,9~21,9~23,9~25,9~27,9&balance=99,873.60&accm=cp&acci=0&index=135&balance_cash=99,873.60&reel_set=0&balance_bonus=0.00&na=s&accv=0&rs=mc&tmb_win=2.00&l0=0~2.00~2~8~10~16~17~19~21~23~25~27&rs_p=0&bl=0&stime=1703243926780&sa=3,8,7,5,5,6&sb=7,10,4,6,8,8&rs_c=1&sh=5&rs_m=1&c=0.10&sver=5&counter=270&l=20&s=11,10,9,5,5,4,11,11,9,3,9,4,11,11,10,3,9,9,5,9,10,9,8,9,5,9,4,9,8,8&w=2.00,
tw=0.00&balance=99,873.60&accm=cp&acci=0&index=138&balance_cash=99,873.60&reel_set=0&balance_bonus=0.00&na=s&accv=0&bl=0&stime=1703243930885&sa=10,9,5,4,7,11&sb=10,8,5,7,10,6&sh=5&c=0.10&sver=5&counter=276&l=20&s=11,9,5,11,7,11,11,6,8,11,7,10,6,6,8,5,1,10,6,10,11,5,9,3,10,10,11,7,10,3&w=0.00,
tw=0.00&balance=99,871.60&accm=cp&acci=0&index=139&balance_cash=99,871.60&reel_set=1&balance_bonus=0.00&na=s&accv=0&bl=0&stime=1703243934484&sa=3,9,1,4,5,8&sb=7,10,7,5,8,3&sh=5&c=0.10&sver=5&counter=278&l=20&s=7,7,10,9,9,10,6,11,3,9,11,4,11,8,5,4,6,11,5,8,10,11,6,4,5,10,5,10,8,3&w=0.00,
tw=0.00&balance=99,869.60&accm=cp&acci=0&index=140&balance_cash=99,869.60&reel_set=1&balance_bonus=0.00&na=s&accv=0&bl=0&stime=1703243937458&sa=11,9,5,11,11,6&sb=10,10,10,9,11,8&sh=5&c=0.10&sver=5&counter=280&l=20&s=10,9,8,11,7,9,7,6,8,6,1,9,11,6,11,7,9,8,9,8,7,6,10,7,10,8,5,10,10,10&w=0.00,
tw=0.00&balance=99,867.60&accm=cp&acci=0&index=141&balance_cash=99,867.60&reel_set=1&balance_bonus=0.00&na=s&accv=0&bl=0&stime=1703243940243&sa=11,4,10,9,7,9&sb=11,5,5,3,5,10&sh=5&c=0.10&sver=5&counter=282&l=20&s=8,1,6,8,4,10,8,3,7,7,6,11,9,11,1,10,8,3,10,11,10,3,8,7,7,9,3,11,1,6&w=0.00,
tw=0.80&tmb=5,10~7,10~9,10~12,10~13,10~15,10~18,10~24,10&balance=99,865.60&accm=cp&acci=0&index=142&balance_cash=99,865.60&reel_set=0&balance_bonus=0.00&na=s&accv=0&rs=mc&tmb_win=0.80&l0=0~0.80~5~7~9~12~13~15~18~24&rs_p=0&bl=0&stime=1703243944692&sa=8,8,3,8,4,10&sb=11,8,7,5,9,3&rs_c=1&sh=5&rs_m=1&c=0.10&sver=5&counter=284&l=20&s=8,8,3,8,4,10,8,10,5,10,4,4,10,10,5,10,5,4,10,5,5,11,5,4,10,5,7,11,9,3&w=0.80,
tw=0.00&balance=99,868.40&accm=cp&acci=0&index=146&balance_cash=99,868.40&reel_set=0&balance_bonus=0.00&na=s&accv=0&bl=0&stime=1703243952767&sa=9,11,8,6,10,7&sb=10,4,7,7,7,7&sh=5&c=0.10&sver=5&counter=292&l=20&s=6,9,8,6,9,11,6,9,11,10,9,11,8,10,11,10,5,9,8,10,4,4,5,9,8,10,4,4,7,7&w=0.00,
tw=1.50&tmb=6,11~8,11~9,11~14,11~22,11~23,11~24,11~25,11~28,11~29,11&balance=99,866.40&accm=cp&acci=0&index=147&balance_cash=99,866.40&reel_set=1&balance_bonus=0.00&na=s&accv=0&rs=mc&tmb_win=1.50&l0=0~1.50~6~8~9~14~22~23~24~25~28~29&rs_p=0&bl=0&stime=1703243956066&sa=6,7,7,9,11,7&sb=9,11,7,4,8,9&rs_c=1&sh=5&rs_m=1&c=0.10&sver=5&counter=294&l=20&s=6,4,9,6,9,6,11,4,11,11,3,10,8,1,11,10,3,6,10,3,4,9,11,11,11,11,4,4,11,11&w=1.50,
tw=1.80&tmb=9,10~10,10~12,10~14,10~15,10~16,10~18,10~20,10~24,10~25,10&balance=99,865.90&accm=cp&acci=0&index=150&balance_cash=99,865.90&reel_set=2&balance_bonus=0.00&na=s&accv=0&rs=mc&tmb_win=1.80&l0=0~1.80~9~10~12~14~15~16~18~20~24~25&rs_p=0&bl=0&stime=1703243962809&sa=8,10,4,8,6,3&sb=11,10,8,5,9,8&rs_c=1&sh=5&rs_m=1&c=0.10&sver=5&counter=300&l=20&s=8,11,9,8,6,9,8,11,9,10,10,9,10,9,10,10,10,5,10,9,10,11,4,5,10,10,8,11,4,8&w=1.80,
tw=1.00&tmb=2,9~4,9~7,9~8,9~10,9~13,9~23,9~29,9&balance=99,865.70&accm=cp&acci=0&index=153&balance_cash=99,865.70&reel_set=0&balance_bonus=0.00&na=s&accv=0&rs=mc&tmb_win=1.00&l0=0~1.00~2~4~7~8~10~13~23~29&rs_p=0&bl=0&stime=1703243966807&sa=8,7,7,11,4,5&sb=6,10,4,10,4,8&rs_c=1&sh=5&rs_m=1&c=0.10&sver=5&counter=306&l=20&s=10,7,9,11,9,11,10,9,9,5,9,11,10,9,10,5,7,11,11,6,10,8,7,9,11,6,4,8,4,9&w=1.00,
tw=0.00&balance=99,864.70&accm=cp&acci=0&index=156&balance_cash=99,864.70&reel_set=1&balance_bonus=0.00&na=s&accv=0&bl=0&stime=1703243970560&sa=8,6,11,7,8,10&sb=6,9,7,10,6,9&sh=5&c=0.10&sver=5&counter=312&l=20&s=10,8,7,6,8,6,11,8,8,10,1,11,9,10,9,9,5,11,7,4,8,8,9,9,6,11,10,7,11,9&w=0.00,
tw=4.00&tmb=1,5~7,5~12,5~16,5~18,5~21,5~22,5~27,5&balance=99,862.70&accm=cp&acci=0&index=157&balance_cash=99,862.70&reel_set=2&balance_bonus=0.00&na=s&accv=0&rs=mc&tmb_win=4.00&l0=0~4.00~1~7~12~16~18~21~22~27&rs_p=0&bl=0&stime=1703243973480&sa=11,10,3,9,6,11&sb=8,3,4,8,11,6&rs_c=1&sh=5&rs_m=1&c=0.10&sver=5&counter=314&l=20&s=10,5,3,9,8,10,10,5,7,11,8,10,5,8,7,11,5,3,5,8,7,5,5,3,8,3,4,5,11,6&w=4.00,
tw=16.00&tmb=2,8~5,8~8,8~9,8~11,8~15,8~16,8~18,8~22,8~24,8~26,8~28,8&balance=99,864.70&accm=cp&acci=0&index=160&balance_cash=99,864.70&reel_set=0&balance_bonus=0.00&na=s&accv=0&rs=mc&tmb_win=16.00&l0=0~16.00~2~5~8~9~11~15~16~18~22~24~26~28&rs_p=0&bl=0&stime=1703243977518&sa=10,10,10,5,5,7&sb=11,6,8,11,11,11&rs_c=1&sh=5&rs_m=1&c=0.10&sver=5&counter=320&l=20&s=10,7,8,5,9,8,5,7,8,8,9,8,5,9,11,8,8,5,8,9,11,10,8,5,8,6,8,10,8,11&w=16.00,
tw=0.00&balance=99,894.00&accm=cp&acci=0&index=168&balance_cash=99,894.00&reel_set=0&balance_bonus=0.00&na=s&accv=0&bl=0&stime=1703243999483&sa=10,9,4,3,10,8&sb=8,8,10,4,8,7&sh=5&c=0.10&sver=5&counter=336&l=20&s=9,9,7,7,10,8,9,9,7,7,11,10,6,11,9,10,11,10,6,11,9,10,6,5,8,8,10,1,6,5&w=0.00,
tw=0.00&balance=99,892.00&accm=cp&acci=0&index=169&balance_cash=99,892.00&reel_set=0&balance_bonus=0.00&na=s&accv=0&bl=0&stime=1703244006103&sa=10,11,6,9,11,4&sb=10,7,5,4,9,9&sh=5&c=0.10&sver=5&counter=338&l=20&s=11,5,6,6,11,4,11,5,7,6,11,4,6,10,7,10,10,3,6,10,1,10,10,3,10,7,5,4,9,9&w=0.00,
tw=0.00&balance=99,890.00&accm=cp&acci=0&index=170&balance_cash=99,890.00&reel_set=1&balance_bonus=0.00&na=s&accv=0&bl=0&stime=1703244010288&sa=11,8,6,10,10,5&sb=7,9,5,4,10,9&sh=5&c=0.10&sver=5&counter=340&l=20&s=4,8,8,9,11,6,4,10,7,4,7,11,9,4,1,4,1,10,11,11,5,9,9,11,8,9,11,9,10,9&w=0.00,
tw=0.00&balance=99,888.00&accm=cp&acci=0&index=171&balance_cash=99,888.00&reel_set=1&balance_bonus=0.00&na=s&accv=0&bl=0&stime=1703244013725&sa=10,9,9,10,5,10&sb=7,8,11,10,10,11&sh=5&c=0.10&sver=5&counter=342&l=20&s=10,6,3,5,10,8,4,6,7,8,11,5,4,11,10,8,7,6,3,10,7,8,1,11,3,8,4,10,9,10&w=0.00,
tw=0.00&balance=99,886.00&accm=cp&acci=0&index=172&balance_cash=99,886.00&reel_set=1&balance_bonus=0.00&na=s&accv=0&bl=0&stime=1703244016460&sa=9,3,9,10,7,7&sb=11,10,7,5,10,7&sh=5&c=0.10&sver=5&counter=344&l=20&s=10,11,10,1,9,11,5,11,7,4,7,6,5,9,8,4,8,9,8,5,8,11,8,9,10,5,11,10,9,8&w=0.00,
tw=0.00&balance=99,884.00&accm=cp&acci=0&index=173&balance_cash=99,884.00&reel_set=1&balance_bonus=0.00&na=s&accv=0&bl=0&stime=1703244019111&sa=10,11,7,11,6,9&sb=4,4,5,9,11,1&sh=5&c=0.10&sver=5&counter=346&l=20&s=8,9,1,10,6,9,8,9,10,9,8,5,3,10,3,4,8,5,11,10,5,4,10,9,11,11,10,9,10,8&w=0.00,
tw=0.00&balance=99,882.00&accm=cp&acci=0&index=174&balance_cash=99,882.00&reel_set=1&balance_bonus=0.00&na=s&accv=0&bl=0&stime=1703244022448&sa=11,9,9,11,11,6&sb=10,10,7,9,1,10&sh=5&c=0.10&sver=5&counter=348&l=20&s=9,9,10,10,7,11,10,7,7,5,4,11,5,11,8,5,6,9,5,8,8,11,8,9,8,8,11,11,8,9&w=0.00,
tw=0.00&balance=99,880.00&accm=cp&acci=0&index=175&balance_cash=99,880.00&reel_set=1&balance_bonus=0.00&na=s&accv=0&bl=0&stime=1703244025735&sa=5,10,10,5,3,8&sb=6,6,1,6,10,11&sh=5&c=0.10&sver=5&counter=350&l=20&s=7,6,9,5,3,1,10,7,7,11,11,6,9,7,10,11,11,7,1,10,6,9,8,6,6,9,7,9,10,4&w=0.00,
tw=0.00&balance=99,878.00&accm=cp&acci=0&index=176&balance_cash=99,878.00&reel_set=1&balance_bonus=0.00&na=s&accv=0&bl=0&stime=1703244028368&sa=7,11,11,7,11,8&sb=9,7,10,10,11,7&sh=5&c=0.10&sver=5&counter=352&l=20&s=6,9,7,6,11,7,6,5,5,10,9,10,11,5,10,9,3,5,8,10,9,8,3,5,8,6,7,7,11,7&w=0.00,
tw=0.00&balance=99,876.00&accm=cp&acci=0&index=177&balance_cash=99,876.00&reel_set=0&balance_bonus=0.00&na=s&accv=0&bl=0&stime=1703244030889&sa=4,11,9,3,8,10&sb=11,5,3,10,6,9&sh=5&c=0.10&sver=5&counter=354&l=20&s=9,8,10,9,10,4,9,8,10,9,10,4,8,10,4,6,11,4,8,10,4,6,11,3,11,5,3,10,6,3&w=0.00,
tw=0.00&balance=99,874.00&accm=cp&acci=0&index=178&balance_cash=99,874.00&reel_set=1&balance_bonus=0.00&na=s&accv=0&bl=0&stime=1703244034277&sa=9,8,9,11,10,11&sb=10,8,11,1,11,8&sh=5&c=0.10&sver=5&counter=356&l=20&s=1,9,3,3,10,11,6,9,7,7,11,9,6,7,10,7,6,9,11,11,7,10,11,9,8,8,4,10,6,10&w=0.00,
tw=0.50&tmb=2,11~6,11~15,11~19,11~21,11~24,11~28,11~29,11&balance=99,872.00&accm=cp&acci=0&index=179&balance_cash=99,872.00&reel_set=1&balance_bonus=0.00&na=s&accv=0&rs=mc&tmb_win=0.50&l0=0~0.50~2~6~15~19~21~24~28~29&rs_p=0&bl=0&stime=1703244037541&sa=6,6,8,8,8,10&sb=9,7,7,5,11,9&rs_c=1&sh=5&rs_m=1&c=0.10&sver=5&counter=358&l=20&s=6,7,11,10,9,5,11,8,7,10,10,5,8,6,5,11,7,7,10,11,10,11,7,7,11,9,9,5,11,11&w=0.50,
tw=0.00&balance=99,870.50&accm=cp&acci=0&index=182&balance_cash=99,870.50&reel_set=1&balance_bonus=0.00&na=s&accv=0&bl=0&stime=1703244097066&sa=10,8,7,11,7,9&sb=11,9,7,9,11,4&sh=5&c=0.10&sver=5&counter=364&l=20&s=11,10,11,5,11,8,6,10,11,5,11,1,11,5,6,3,9,6,10,5,6,11,3,7,7,7,8,9,3,6&w=0.00,
tw=0.00&balance=99,868.50&accm=cp&acci=0&index=183&balance_cash=99,868.50&reel_set=1&balance_bonus=0.00&na=s&accv=0&bl=0&stime=1703244101001&sa=7,11,7,11,8,9&sb=9,5,3,9,6,1&sh=5&c=0.10&sver=5&counter=366&l=20&s=11,8,10,10,8,9,11,8,6,9,1,5,8,10,7,4,5,5,6,10,1,4,9,9,10,5,10,9,11,8&w=0.00,
tw=0.50&tmb=14,11~16,11~20,11~21,11~22,11~23,11~24,11~27,11~29,11&balance=99,866.50&accm=cp&acci=0&rmul=12~6~10&index=184&balance_cash=99,866.50&reel_set=2&balance_bonus=0.00&na=s&accv=10&rs=mc&tmb_win=0.50&l0=0~0.50~14~16~20~21~22~23~24~27~29&rs_p=0&bl=0&stime=1703244103942&sa=7,5,10,4,8,8&sb=11,9,8,5,6,9&rs_c=1&sh=5&rs_m=1&c=0.10&sver=5&counter=368&l=20&s=9,10,8,4,10,8,12,10,8,9,10,7,6,7,11,9,11,7,6,7,11,11,11,11,11,9,8,11,6,11&w=0.50,
tw=0.00&balance=99,869.50&accm=cp&acci=0&index=187&balance_cash=99,869.50&reel_set=1&balance_bonus=0.00&na=s&accv=0&bl=0&stime=1703244111909&sa=8,11,11,11,6,11&sb=9,7,5,9,11,5&sh=5&c=0.10&sver=5&counter=374&l=20&s=3,4,6,10,6,4,11,10,6,9,8,3,11,8,8,4,8,3,4,9,7,4,10,9,4,9,1,9,10,9&w=0.00,
tw=0.00&balance=99,867.50&accm=cp&acci=0&index=188&balance_cash=99,867.50&reel_set=1&balance_bonus=0.00&na=s&accv=0&bl=0&stime=1703244114894&sa=10,6,8,7,4,9&sb=11,11,6,7,9,5&sh=5&c=0.10&sver=5&counter=376&l=20&s=9,6,10,9,11,8,10,11,7,7,9,8,8,10,11,11,7,7,8,8,11,11,6,10,3,8,6,6,8,5&w=0.00,
tw=0.00&balance=99,865.50&accm=cp&acci=0&index=189&balance_cash=99,865.50&reel_set=2&balance_bonus=0.00&na=s&accv=0&bl=0&stime=1703244117564&sa=6,9,11,9,9,11&sb=10,3,9,3,10,10&sh=5&c=0.10&sver=5&counter=378&l=20&s=6,9,11,10,3,9,8,4,4,10,3,9,8,4,4,10,11,8,8,4,7,11,11,8,10,3,7,11,11,10&w=0.00,
tw=0.00&balance=99,863.50&accm=cp&acci=0&index=190&balance_cash=99,863.50&reel_set=0&balance_bonus=0.00&na=s&accv=0&bl=0&stime=1703244120430&sa=10,4,4,10,9,10&sb=6,8,4,7,7,11&sh=5&c=0.10&sver=5&counter=380&l=20&s=10,9,3,10,8,10,10,9,3,4,8,5,11,9,7,4,8,5,11,11,7,7,11,7,6,11,7,7,11,7&w=0.00,
tw=0.00&balance=99,861.50&accm=cp&acci=0&index=191&balance_cash=99,861.50&reel_set=1&balance_bonus=0.00&na=s&accv=0&bl=0&stime=1703244123966&sa=6,1,5,9,11,9&sb=10,8,11,4,9,11&sh=5&c=0.10&sver=5&counter=382&l=20&s=6,9,7,6,11,9,11,9,7,11,8,10,8,6,8,10,10,8,8,6,7,9,10,10,9,8,9,4,9,4&w=0.00,
tw=0.50&tmb=0,11~14,11~16,11~18,11~19,11~22,11~25,11~27,11&balance=99,859.50&accm=cp&acci=0&index=192&balance_cash=99,859.50&reel_set=1&balance_bonus=0.00&na=s&accv=0&rs=mc&tmb_win=0.50&l0=0~0.50~0~14~16~18~19~22~25~27&rs_p=0&bl=0&stime=1703244127253&sa=6,4,7,8,10,9&sb=7,9,9,11,3,4&rs_c=1&sh=5&rs_m=1&c=0.10&sver=5&counter=384&l=20&s=11,4,8,8,7,9,8,1,8,8,7,9,10,3,11,10,11,10,11,11,7,10,11,8,9,11,8,11,9,10&w=0.50,
tw=2.00&tmb=2,7~15,7~16,7~17,7~18,7~22,7~23,7~25,7~27,7&balance=99,861.40&accm=cp&acci=0&index=197&balance_cash=99,861.40&reel_set=1&balance_bonus=0.00&na=s&accv=0&rs=mc&tmb_win=2.00&l0=0~2.00~2~15~16~17~18~22~23~25~27&rs_p=0&bl=0&stime=1703244138847&sa=4,11,8,10,8,10&sb=11,11,8,11,11,9&rs_c=1&sh=5&rs_m=1&c=0.10&sver=5&counter=394&l=20&s=9,10,7,4,9,5,11,8,1,4,10,5,8,8,5,7,7,7,7,11,11,9,7,7,11,7,5,7,11,11&w=2.00,
tw=0.00&balance=99,998.00&accm=cp&acci=0&index=2&balance_cash=99,998.00&reel_set=0&balance_bonus=0.00&na=s&accv=0&bl=0&stime=1703246970007&sa=9,7,11,5,10,8&sb=3,10,6,11,10,7&sh=5&c=0.10&sver=5&counter=4&l=20&s=10,7,5,5,10,8,10,9,5,7,11,10,4,9,9,7,11,10,4,6,9,9,6,5,3,6,6,9,6,5&w=0.00,
tw=0.00&balance=99,996.00&accm=cp&acci=0&index=3&balance_cash=99,996.00&reel_set=0&balance_bonus=0.00&na=s&accv=0&bl=0&stime=1703246978958&sa=9,8,4,5,9,9&sb=10,10,8,11,4,5&sh=5&c=0.10&sver=5&counter=6&l=20&s=1,10,4,7,9,7,6,11,9,7,7,7,6,11,9,9,7,8,11,9,10,9,4,8,11,9,10,11,4,5&w=0.00,
tw=0.00&balance=99,994.00&accm=cp&acci=0&index=4&balance_cash=99,994.00&reel_set=1&balance_bonus=0.00&na=s&accv=0&bl=0&stime=1703246981727&sa=11,9,5,10,7,3&sb=7,10,11,3,3,11&sh=5&c=0.10&sver=5&counter=8&l=20&s=4,9,7,10,7,7,4,10,7,11,11,6,9,10,8,11,11,10,11,11,7,5,9,6,8,4,9,5,3,11&w=0.00,
tw=0.00&balance=99,992.00&accm=cp&acci=0&index=5&balance_cash=99,992.00&reel_set=0&balance_bonus=0.00&na=s&accv=0&bl=0&stime=1703246984596&sa=9,1,5,11,6,8&sb=10,5,7,7,9,9&sh=5&c=0.10&sver=5&counter=10&l=20&s=9,3,5,11,10,8,8,3,9,3,10,7,8,11,9,3,4,7,11,11,6,3,4,11,11,5,6,7,9,11&w=0.00,
tw=0.00&balance=99,990.00&accm=cp&acci=0&index=6&balance_cash=99,990.00&reel_set=2&balance_bonus=0.00&na=s&accv=0&bl=0&stime=1703246986949&sa=11,11,11,3,4,9&sb=10,10,9,10,9,11&sh=5&c=0.10&sver=5&counter=12&l=20&s=11,11,11,3,4,9,6,9,4,9,4,8,6,9,4,9,5,8,10,10,7,6,5,7,10,10,7,6,9,7&w=0.00,
tw=0.00&balance=99,988.00&accm=cp&acci=0&index=7&balance_cash=99,988.00&reel_set=1&balance_bonus=0.00&na=s&accv=0&bl=0&stime=1703246993252&sa=11,3,5,4,8,3&sb=10,10,7,8,5,11&sh=5&c=0.10&sver=5&counter=14&l=20&s=8,11,10,11,10,7,7,11,5,10,10,6,11,9,7,5,9,10,11,5,7,8,9,6,9,5,8,8,5,11&w=0.00,
tw=0.50&tmb=0,11~1,11~5,11~7,11~11,11~13,11~17,11~21,11~27,11&balance=99,986.00&accm=cp&acci=0&index=8&balance_cash=99,986.00&reel_set=0&balance_bonus=0.00&na=s&accv=0&rs=mc&tmb_win=0.50&l0=0~0.50~0~1~5~7~11~13~17~21~27&rs_p=0&bl=0&stime=1703246995937&sa=11,8,4,9,6,5&sb=9,9,10,3,9,8&rs_c=1&sh=5&rs_m=1&c=0.10&sver=5&counter=16&l=20&s=11,11,7,10,10,11,5,11,7,10,10,11,5,11,9,10,4,11,7,1,9,11,4,9,7,9,10,11,9,9&w=0.50,
tw=0.00&balance=99,986.30&accm=cp&acci=0&index=13&balance_cash=99,986.30&reel_set=0&balance_bonus=0.00&na=s&accv=0&bl=0&stime=1703247012216&sa=10,3,7,11,8,9&sb=10,10,7,9,9,5&sh=5&c=0.10&sver=5&counter=26&l=20&s=11,3,3,11,8,8,11,11,3,6,11,8,6,11,5,6,11,10,6,5,5,6,7,10,10,5,5,9,7,5&w=0.00,
tw=0.00&balance=99,984.30&accm=cp&acci=0&index=14&balance_cash=99,984.30&reel_set=2&balance_bonus=0.00&na=s&accv=0&bl=0&stime=1703247027696&sa=10,9,3,4,5,4&sb=10,11,8,7,8,7&sh=5&c=0.10&sver=5&counter=28&l=20&s=10,6,5,4,11,9,11,6,5,11,11,9,11,8,5,11,6,8,6,8,7,5,6,8,6,10,7,5,8,7&w=0.00,
tw=1.50&tmb=1,9~2,11~4,11~6,11~7,9~9,9~10,11~12,11~13,9~15,9~16,11~19,11~20,9~25,11~26,9~29,9&balance=99,982.30&accm=cp&acci=0&index=15&balance_cash=99,982.30&reel_set=0&balance_bonus=0.00&na=s&accv=0&rs=mc&tmb_win=1.50&l0=0~1.00~1~7~9~13~15~20~26~29&l1=0~0.50~2~4~6~10~12~16~19~25&rs_p=0&bl=0&stime=1703247032249&sa=10,4,11,3,3,4&sb=10,8,6,10,9,9&rs_c=1&sh=5&rs_m=1&c=0.10&sver=5&counter=30&l=20&s=10,9,11,3,11,4,11,9,5,9,11,4,11,9,5,9,11,3,6,11,9,6,10,3,6,11,9,6,10,9&w=1.50,
tw=0.00&balance=99,982.60&accm=cp&acci=0&index=19&balance_cash=99,982.60&reel_set=1&balance_bonus=0.00&na=s&accv=0&bl=0&stime=1703247040202&sa=11,3,7,11,7,5&sb=3,9,4,9,7,11&sh=5&c=0.10&sver=5&counter=38&l=20&s=9,6,8,10,8,7,10,7,7,9,8,7,10,8,9,4,9,11,4,6,11,4,10,9,4,11,11,9,7,10&w=0.00,
tw=0.00&balance=99,980.60&accm=cp&acci=0&index=20&balance_cash=99,980.60&reel_set=0&balance_bonus=0.00&na=s&accv=0&bl=0&stime=1703247090606&sa=7,3,6,11,4,7&sb=4,10,5,9,4,11&sh=5&c=0.10&sver=5&counter=40&l=20&s=9,3,7,11,9,7,9,6,7,5,9,8,10,6,1,5,7,8,10,10,5,3,7,5,4,10,5,3,4,5&w=0.00,
tw=1.00&tmb=6,9~9,9~15,9~19,9~23,9~25,9~28,9~29,9&balance=99,978.60&accm=cp&acci=0&index=21&balance_cash=99,978.60&reel_set=1&balance_bonus=0.00&na=s&accv=0&rs=mc&tmb_win=1.00&l0=0~1.00~6~9~15~19~23~25~28~29&rs_p=0&bl=0&stime=1703247112220&sa=6,8,6,4,10,10&sb=3,10,11,10,3,9&rs_c=1&sh=5&rs_m=1&c=0.10&sver=5&counter=42&l=20&s=10,10,6,4,7,6,9,4,8,9,7,11,10,11,7,9,11,11,8,9,1,4,11,9,8,9,5,11,9,9&w=1.00,
tw=0.00&balance=99,977.60&accm=cp&acci=0&index=24&balance_cash=99,977.60&reel_set=0&balance_bonus=0.00&na=s&accv=0&bl=0&stime=1703247205738&sa=7,5,6,11,7,3&sb=4,9,5,10,11,8&sh=5&c=0.10&sver=5&counter=48&l=20&s=7,5,7,6,1,9,9,10,7,6,9,9,9,10,3,6,10,5,10,7,3,9,10,5,10,7,5,9,11,8&w=0.00,
tw=0.50&tmb=2,11~4,11~5,11~8,11~13,11~16,11~17,11~19,11~28,11&balance=99,975.60&accm=cp&acci=0&index=25&balance_cash=99,975.60&reel_set=1&balance_bonus=0.00&na=s&accv=0&rs=mc&tmb_win=0.50&l0=0~0.50~2~4~5~8~13~16~17~19~28&rs_p=0&bl=0&stime=1703247211574&sa=11,4,9,10,10,6&sb=8,5,10,10,10,8&rs_c=1&sh=5&rs_m=1&c=0.10&sver=5&counter=50&l=20&s=8,1,11,5,11,11,6,3,11,8,6,10,10,11,4,8,11,11,9,11,4,8,6,9,10,9,7,10,11,9&w=0.50,
tw=0.00&balance=99,974.10&accm=cp&acci=0&index=28&balance_cash=99,974.10&reel_set=1&balance_bonus=0.00&na=s&accv=0&bl=0&stime=1703247221306&sa=3,9,10,6,6,9&sb=7,10,1,7,11,5&sh=5&c=0.10&sver=5&counter=56&l=20&s=7,9,9,10,8,9,6,6,7,4,8,8,11,6,10,4,1,8,5,8,6,7,5,7,5,8,7,9,9,10&w=0.00,
tw=0.00&balance=99,998.00&accm=cp&acci=0&index=2&balance_cash=99,998.00&reel_set=1&balance_bonus=0.00&na=s&accv=0&bl=0&stime=1703247304415&sa=1,6,11,6,9,10&sb=11,11,9,3,5,3&sh=5&c=0.10&sver=5&counter=4&l=20&s=6,6,11,10,7,8,6,8,4,9,6,10,11,8,4,8,8,4,8,10,7,7,9,11,10,4,10,10,4,4&w=0.00,
tw=0.00&balance=99,996.00&accm=cp&acci=0&index=3&balance_cash=99,996.00&reel_set=2&balance_bonus=0.00&na=s&accv=0&bl=0&stime=1703247309948&sa=11,10,11,5,11,4&sb=7,4,10,6,5,9&sh=5&c=0.10&sver=5&counter=6&l=20&s=11,10,11,5,6,4,11,9,8,3,6,4,5,9,8,3,8,3,5,4,8,9,8,3,7,4,10,9,5,9&w=0.00,
tw=0.00&balance=99,994.00&accm=cp&acci=0&index=4&balance_cash=99,994.00&reel_set=2&balance_bonus=0.00&na=s&accv=0&bl=0&stime=1703247313388&sa=7,9,7,3,9,10&sb=4,11,4,12,11,6&sh=5&c=0.10&sver=5&counter=8&l=20&s=9,4,8,3,9,10,9,4,8,7,3,3,10,4,11,7,3,3,10,3,11,10,11,6,4,3,4,10,11,6&w=0.00,
tw=0.80&tmb=1,10~2,10~3,10~4,10~7,10~10,10~18,10~20,10&balance=99,992.00&accm=cp&acci=0&index=5&balance_cash=99,992.00&reel_set=1&balance_bonus=0.00&na=s&accv=0&rs=mc&tmb_win=0.80&l0=0~0.80~1~2~3~4~7~10~18~20&rs_p=0&bl=0&stime=1703247316186&sa=11,8,5,11,8,10&sb=1,9,7,10,6,9&rs_c=1&sh=5&rs_m=1&c=0.10&sver=5&counter=10&l=20&s=5,10,10,10,10,5,5,10,9,5,10,5,7,5,7,8,11,7,10,5,10,8,6,7,9,7,6,8,11,11&w=0.80,
tw=0.00&balance=100,000.70&accm=cp&acci=0&index=12&balance_cash=100,000.70&reel_set=0&balance_bonus=0.00&na=s&accv=0&bl=0&stime=1703247520382&sa=11,8,5,4,5,11&sb=9,10,11,7,10,8&sh=5&c=0.10&sver=5&counter=24&l=20&s=11,3,5,4,7,11,5,3,5,11,7,9,5,6,8,11,7,9,7,6,8,5,1,7,7,10,11,5,9,7&w=0.00,
tw=0.00&balance=99,998.70&accm=cp&acci=0&index=13&balance_cash=99,998.70&reel_set=0&balance_bonus=0.00&na=s&accv=0&bl=0&stime=1703247525015&sa=3,9,8,7,9,10&sb=7,3,7,6,7,6&sh=5&c=0.10&sver=5&counter=26&l=20&s=11,9,8,7,9,10,11,4,11,7,5,3,11,4,11,11,5,3,5,1,4,11,7,6,5,3,4,6,7,6&w=0.00,
tw=0.00&balance=99,996.70&accm=cp&acci=0&index=14&balance_cash=99,996.70&reel_set=1&balance_bonus=0.00&na=s&accv=0&bl=0&stime=1703247527701&sa=6,9,9,4,8,6&sb=3,4,11,10,11,9&sh=5&c=0.10&sver=5&counter=28&l=20&s=10,6,9,4,8,10,9,6,10,9,9,6,10,8,7,9,10,11,8,8,8,4,7,11,8,10,8,11,7,9&w=0.00,
tw=0.00&balance=99,994.70&accm=cp&acci=0&index=15&balance_cash=99,994.70&reel_set=1&balance_bonus=0.00&na=s&accv=0&bl=0&stime=1703247531190&sa=9,7,9,11,1,3&sb=3,6,9,10,4,8&sh=5&c=0.10&sver=5&counter=30&l=20&s=10,11,11,3,9,9,10,1,11,11,10,9,4,9,10,3,10,5,4,9,4,7,11,5,3,6,4,7,7,9&w=0.00,
tw=1.00&tmb=3,9~4,9~9,9~10,9~17,9~19,9~25,9~26,9&balance=99,992.70&accm=cp&acci=0&index=16&balance_cash=99,992.70&reel_set=1&balance_bonus=0.00&na=s&accv=0&rs=mc&tmb_win=1.00&l0=0~1.00~3~4~9~10~17~19~25~26&rs_p=0&bl=0&stime=1703247533856&sa=10,11,5,4,10,9&sb=7,6,11,5,11,6&rs_c=1&sh=5&rs_m=1&c=0.10&sver=5&counter=32&l=20&s=10,7,7,9,9,5,4,11,7,9,9,5,4,1,8,4,5,9,3,9,7,11,5,8,3,9,9,10,10,1&w=1.00,
tw=1.60&tmb=1,8~2,8~4,8~7,8~10,8~15,8~18,8~29,8&balance=99,991.70&accm=cp&acci=0&index=19&balance_cash=99,991.70&reel_set=1&balance_bonus=0.00&na=s&accv=0&rs=mc&tmb_win=1.60&l0=0~1.60~1~2~4~7~10~15~18~29&rs_p=0&bl=0&stime=1703247540015&sa=1,10,6,9,6,11&sb=11,1,5,4,6,10&rs_c=1&sh=5&rs_m=1&c=0.10&sver=5&counter=38&l=20&s=6,8,8,9,8,9,6,8,7,6,8,9,11,11,1,8,10,9,8,7,5,6,10,10,10,11,11,10,11,8&w=1.60,
tw=1.60&tmb=10,8~13,8~15,8~16,8~18,8~20,8~23,8~26,8&balance=99,991.30&accm=cp&acci=0&index=22&balance_cash=99,991.30&reel_set=1&balance_bonus=0.00&na=s&accv=0&rs=mc&tmb_win=1.60&l0=0~1.60~10~13~15~16~18~20~23~26&rs_p=0&bl=0&stime=1703247546132&sa=4,11,1,9,4,11&sb=11,7,11,4,9,7&rs_c=1&sh=5&rs_m=1&c=0.10&sver=5&counter=44&l=20&s=4,4,5,9,6,9,9,10,11,6,8,9,11,8,5,8,8,10,8,9,8,6,1,8,7,9,8,10,5,3&w=1.60,
tw=6.00&fsmul=1&balance=99,990.90&accm=cp&fsmax=15&acci=0&index=25&balance_cash=99,990.90&reel_set=1&balance_bonus=0.00&na=s&accv=0&fswin=0.00&bl=0&stime=1703247563362&fs=1&sa=5,8,7,7,10,9&sb=6,9,7,11,10,4&sh=5&fsres=0.00&psym=1~6.00~11,15,16,24&c=0.10&sver=5&counter=50&l=20&s=5,8,4,10,11,8,7,10,11,10,7,1,10,4,9,1,1,6,9,11,9,4,9,7,1,9,10,4,10,6&w=6.00,
tw=6.00&fsmul=1&balance=99,990.90&accm=cp&fsmax=15&acci=0&index=26&balance_cash=99,990.90&reel_set=4&balance_bonus=0.00&na=s&accv=0&fswin=0.00&bl=0&stime=1703247573438&fs=2&sa=11,8,5,7,9,11&sb=7,10,11,9,11,10&sh=5&fsres=0.00&c=0.10&sver=5&counter=52&l=20&s=11,8,7,11,9,9,11,3,7,11,8,9,5,3,8,6,8,9,5,6,8,6,8,10,7,6,11,6,11,10&w=0.00,
tw=6.00&fsmul=1&balance=99,990.90&accm=cp&fsmax=15&acci=0&rmul=12~16~5&index=27&balance_cash=99,990.90&reel_set=3&balance_bonus=0.00&na=s&accv=0&fswin=0.00&bl=0&stime=1703247575904&fs=3&sa=8,7,9,11,7,9&sb=9,10,11,9,10,5&sh=5&fsres=0.00&c=0.10&sver=5&counter=54&l=20&s=1,7,10,5,7,9,11,9,10,5,7,8,11,9,8,3,12,8,4,6,8,3,9,10,4,6,11,9,10,10&w=0.00,
tw=6.00&fsmul=1&balance=99,990.90&accm=cp&fsmax=15&acci=0&index=28&balance_cash=99,990.90&reel_set=4&balance_bonus=0.00&na=s&accv=0&fswin=0.00&bl=0&stime=1703247578456&fs=4&sa=10,8,9,10,8,7&sb=8,9,11,7,6,11&sh=5&fsres=0.00&c=0.10&sver=5&counter=56&l=20&s=10,8,10,10,8,8,9,10,10,4,5,8,9,11,8,4,5,5,6,11,8,7,11,5,6,9,11,7,11,11&w=0.00,
tw=6.00&fsmul=1&balance=99,990.90&accm=cp&fsmax=15&acci=0&rmul=12~22~5&index=29&balance_cash=99,990.90&reel_set=3&balance_bonus=0.00&na=s&accv=0&fswin=0.00&bl=0&stime=1703247580904&fs=5&sa=12,10,5,5,5,4&sb=10,4,11,11,10,5&sh=5&fsres=0.00&c=0.10&sver=5&counter=58&l=20&s=6,10,7,7,7,3,6,10,7,7,7,3,11,9,8,9,7,9,11,9,8,9,12,9,10,4,1,11,9,5&w=0.00,
tw=6.00&fsmul=1&balance=99,990.90&accm=cp&fsmax=15&acci=0&rmul=12~1~2;12~9~2&index=30&balance_cash=99,990.90&reel_set=3&balance_bonus=0.00&na=s&accv=0&fswin=0.00&bl=0&stime=1703247583390&fs=6&sa=11,11,8,10,3,6&sb=8,8,4,11,10,9&sh=5&fsres=0.00&c=0.10&sver=5&counter=60&l=20&s=11,12,8,10,3,6,10,9,1,12,11,6,10,9,11,4,11,4,5,6,11,4,11,4,5,6,4,11,10,9&w=0.00,
tw=7.00&fsmul=1&tmb=0,9~6,9~14,9~17,9~19,9~20,9~23,9~25,9~28,9&balance=99,990.90&accm=cp&fsmax=15&acci=0&index=31&balance_cash=99,990.90&reel_set=4&balance_bonus=0.00&na=s&accv=0&fswin=0.00&rs=mc&tmb_win=1.00&l0=0~1.00~0~6~14~17~19~20~23~25~28&rs_p=0&bl=0&stime=1703247585842&fs=7&sa=4,6,4,5,8,7&sb=11,4,10,11,9,7&rs_c=1&sh=5&rs_m=1&fsres=0.00&c=0.10&sver=5&counter=62&l=20&s=9,10,7,8,11,11,9,10,7,8,11,11,8,10,9,10,7,9,8,9,9,10,7,9,11,9,10,11,9,7&w=1.00,
tw=7.00&fsmul=1&balance=99,990.90&accm=cp&fsmax=15&acci=0&index=33&balance_cash=99,990.90&reel_set=3&balance_bonus=0.00&na=s&accv=0&fswin=1.00&bl=0&stime=1703247591102&fs=8&sa=8,9,4,6,5,4&sb=9,10,4,7,8,7&sh=5&fsres=1.00&c=0.10&sver=5&counter=66&l=20&s=1,9,3,6,5,4,11,11,3,10,11,9,11,11,7,10,11,9,4,8,7,4,6,8,4,8,7,4,6,8&w=0.00,
tw=7.00&fsmul=1&balance=99,990.90&accm=cp&fsmax=15&acci=0&index=34&balance_cash=99,990.90&reel_set=4&balance_bonus=0.00&na=s&accv=0&fswin=1.00&bl=0&stime=1703247593545&fs=9&sa=10,11,5,7,10,6&sb=8,5,11,6,7,10&sh=5&fsres=1.00&c=0.10&sver=5&counter=68&l=20&s=9,11,5,7,4,11,9,8,5,11,4,11,6,8,8,11,9,9,6,10,8,6,9,9,8,10,11,6,7,9&w=0.00,
tw=7.00&fsmul=1&balance=99,990.90&accm=cp&fsmax=15&acci=0&index=35&balance_cash=99,990.90&reel_set=3&balance_bonus=0.00&na=s&accv=0&fswin=1.00&bl=0&stime=1703247596014&fs=10&sa=11,10,3,7,10,6&sb=12,9,9,10,10,8&sh=5&fsres=1.00&c=0.10&sver=5&counter=70&l=20&s=5,10,7,9,11,4,5,4,7,9,11,4,7,4,7,11,6,9,7,9,4,11,6,9,9,9,4,10,1,8&w=0.00,
tw=7.00&fsmul=1&balance=99,990.90&accm=cp&fsmax=15&acci=0&rmul=12~3~2&index=36&balance_cash=99,990.90&reel_set=4&balance_bonus=0.00&na=s&accv=0&fswin=1.00&bl=0&stime=1703247598467&fs=11&sa=8,6,7,10,10,3&sb=6,11,7,5,10,8&sh=5&fsres=1.00&c=0.10&sver=5&counter=72&l=20&s=10,6,3,12,10,3,10,8,3,4,11,9,10,8,5,4,11,9,11,10,5,11,6,5,11,11,5,11,6,5&w=0.00,
tw=7.00&fsmul=1&balance=99,990.90&accm=cp&fsmax=15&acci=0&index=37&balance_cash=99,990.90&reel_set=4&balance_bonus=0.00&na=s&accv=0&fswin=1.00&bl=0&stime=1703247600936&fs=12&sa=10,8,4,7,10,7&sb=11,10,10,6,8,7&sh=5&fsres=1.00&c=0.10&sver=5&counter=74&l=20&s=5,3,7,7,10,11,5,3,7,11,11,11,8,6,9,11,11,9,8,6,9,6,6,9,11,10,10,6,6,7&w=0.00,
tw=7.00&fsmul=1&balance=99,990.90&accm=cp&fsmax=15&acci=0&rmul=12~28~2&index=38&balance_cash=99,990.90&reel_set=4&balance_bonus=0.00&na=s&accv=0&fswin=1.00&bl=0&stime=1703247603402&fs=13&sa=6,11,11,3,5,11&sb=9,7,6,10,9,8&sh=5&fsres=1.00&c=0.10&sver=5&counter=76&l=20&s=11,11,11,3,5,11,11,5,5,3,7,11,10,5,5,7,7,9,10,10,9,7,7,9,9,10,9,10,12,8&w=0.00,
tw=27.00&fsmul=1&tmb=9,3~10,3~15,3~16,3~19,3~23,3~25,3~29,3&balance=99,990.90&accm=cp&fsmax=15&acci=0&index=39&balance_cash=99,990.90&reel_set=4&balance_bonus=0.00&na=s&accv=0&fswin=1.00&rs=mc&tmb_win=20.00&l0=0~20.00~9~10~15~16~19~23~25~29&rs_p=0&bl=0&stime=1703247605873&fs=14&sa=10,5,11,5,9,10&sb=6,6,6,6,11,9&rs_c=1&sh=5&rs_m=1&fsres=1.00&c=0.10&sver=5&counter=78&l=20&s=10,5,11,5,9,4,10,8,5,3,3,4,11,8,5,3,3,4,11,3,9,9,11,3,6,3,9,9,11,3&w=20.00,
tw=27.00&fsmul=1&balance=99,990.90&accm=cp&fsmax=15&acci=0&rmul=12~0~2&index=41&balance_cash=99,990.90&reel_set=3&balance_bonus=0.00&na=s&accv=0&fswin=21.00&bl=0&stime=1703247611096&fs=15&sa=9,5,8,10,7,8&sb=10,6,7,11,5,7&sh=5&fsres=21.00&c=0.10&sver=5&counter=82&l=20&s=12,5,1,10,7,10,6,8,11,4,4,10,6,8,11,4,4,5,11,3,4,9,4,5,11,3,4,9,5,7&w=0.00,
tw=27.00&fs_total=15&balance=99,990.90&fswin_total=21.00&accm=cp&fsmul_total=1&acci=0&rmul=12~12~3;12~14~2&index=42&balance_cash=99,990.90&reel_set=3&balance_bonus=0.00&fsend_total=1&na=c&fsres_total=21.00&accv=0&bl=0&stime=1703247613561&sa=7,8,6,6,9,5&sb=11,8,5,7,4,10&sh=5&c=0.10&sver=5&counter=84&l=20&s=7,10,7,6,9,7,9,10,7,10,7,7,12,1,12,10,7,11,6,5,5,4,4,11,6,5,5,4,4,10&w=0.00,
tw=2.00&tmb=2,9~3,9~6,9~9,9~12,9~16,9~17,9~22,9~23,9~29,9&balance=100,015.90&accm=cp&acci=0&index=44&balance_cash=100,015.90&reel_set=0&balance_bonus=0.00&na=s&accv=0&rs=mc&tmb_win=2.00&l0=0~2.00~2~3~6~9~12~16~17~22~23~29&rs_p=0&bl=0&stime=1703247630655&sa=10,10,9,7,10,6&sb=8,3,3,10,7,10&rs_c=1&sh=5&rs_m=1&c=0.10&sver=5&counter=88&l=20&s=10,5,9,9,4,11,9,5,6,9,4,11,9,8,6,11,9,9,6,8,7,11,9,9,6,3,7,10,7,9&w=2.00,
tw=0.00&balance=100,015.90&accm=cp&acci=0&index=47&balance_cash=100,015.90&reel_set=1&balance_bonus=0.00&na=s&accv=0&bl=0&stime=1703247671987&sa=6,10,8,4,9,7&sb=7,10,11,11,6,7&sh=5&c=0.10&sver=5&counter=94&l=20&s=11,10,9,4,10,11,8,5,8,11,10,6,8,5,10,10,11,9,9,7,7,5,7,9,10,9,11,5,4,8&w=0.00,
tw=0.00&balance=100,013.90&accm=cp&acci=0&index=48&balance_cash=100,013.90&reel_set=1&balance_bonus=0.00&na=s&accv=0&bl=0&stime=1703247675873&sa=10,11,7,11,10,9&sb=11,5,11,10,3,6&sh=5&c=0.10&sver=5&counter=96&l=20&s=11,8,8,11,7,5,6,8,9,9,7,5,11,10,8,9,11,9,10,10,10,6,11,8,7,5,7,11,9,1&w=0.00,
tw=0.50&tmb=4,11~6,11~11,11~16,11~24,11~25,11~26,11~28,11&balance=100,011.90&accm=cp&acci=0&index=49&balance_cash=100,011.90&reel_set=1&balance_bonus=0.00&na=s&accv=0&rs=mc&tmb_win=0.50&l0=0~0.50~4~6~11~16~24~25~26~28&rs_p=0&bl=0&stime=1703247679603&sa=11,10,4,10,10,6&sb=9,8,11,11,10,8&rs_c=1&sh=5&rs_m=1&c=0.10&sver=5&counter=98&l=20&s=6,8,4,9,11,4,11,9,7,8,6,11,10,9,10,7,11,9,7,7,9,10,6,9,11,11,11,3,11,10&w=0.50,
tw=0.00&balance=100,011.20&accm=cp&acci=0&index=53&balance_cash=100,011.20&reel_set=1&balance_bonus=0.00&na=s&accv=0&bl=0&stime=1703247688381&sa=6,10,9,10,3,10&sb=9,9,11,11,10,9&sh=5&c=0.10&sver=5&counter=106&l=20&s=6,10,3,9,3,4,11,11,7,8,11,11,8,4,10,7,11,4,10,10,7,10,8,3,11,8,4,3,10,3&w=0.00,
tw=0.00&balance=100,009.20&accm=cp&acci=0&index=54&balance_cash=100,009.20&reel_set=1&balance_bonus=0.00&na=s&accv=0&bl=0&stime=1703247691727&sa=11,10,7,4,8,9&sb=1,3,3,5,9,6&sh=5&c=0.10&sver=5&counter=108&l=20&s=5,5,10,9,9,10,5,5,6,9,4,8,7,7,7,4,5,3,10,9,1,11,5,7,9,10,10,10,7,11&w=0.00,
tw=0.00&balance=100,007.20&accm=cp&acci=0&index=55&balance_cash=100,007.20&reel_set=1&balance_bonus=0.00&na=s&accv=0&bl=0&stime=1703247732781&sa=9,8,8,10,11,11&sb=8,7,9,4,1,10&sh=5&c=0.10&sver=5&counter=110&l=20&s=7,8,8,9,7,9,6,10,11,4,4,9,6,10,7,4,6,9,11,5,5,9,8,10,8,5,10,9,8,8&w=0.00,
tw=0.00&balance=100,005.20&accm=cp&acci=0&index=56&balance_cash=100,005.20&reel_set=0&balance_bonus=0.00&na=s&accv=0&bl=0&stime=1703247777609&sa=5,10,10,7,7,10&sb=6,6,7,9,3,9&sh=5&c=0.10&sver=5&counter=112&l=20&s=5,7,10,11,7,4,7,7,4,11,9,4,7,9,4,6,9,4,9,9,3,6,9,3,1,6,3,6,3,3&w=0.00,
tw=0.00&balance=100,003.20&accm=cp&acci=0&index=57&balance_cash=100,003.20&reel_set=1&balance_bonus=0.00&na=s&accv=0&bl=0&stime=1703247879428&sa=10,9,11,9,8,10&sb=11,7,3,11,6,9&sh=5&c=0.10&sver=5&counter=114&l=20&s=11,5,11,4,8,5,9,5,10,4,1,5,7,10,4,9,5,7,6,6,4,9,9,7,6,7,9,4,11,11&w=0.00,
tw=0.00&balance=100,001.20&accm=cp&acci=0&index=58&balance_cash=100,001.20&reel_set=0&balance_bonus=0.00&na=s&accv=0&bl=0&stime=1703247891319&sa=8,5,5,10,5,9&sb=9,9,8,11,8,5&sh=5&c=0.10&sver=5&counter=116&l=20&s=11,10,5,4,5,9,11,10,5,4,9,8,4,7,7,7,9,8,4,7,7,7,8,10,9,9,8,7,8,10&w=0.00,
tw=1.60&tmb=0,8~2,8~8,8~10,8~13,8~19,8~26,8~29,8&balance=99,999.20&accm=cp&acci=0&index=59&balance_cash=99,999.20&reel_set=1&balance_bonus=0.00&na=s&accv=0&rs=mc&tmb_win=1.60&l0=0~1.60~0~2~8~10~13~19~26~29&rs_p=0&bl=0&stime=1703247896240&sa=11,6,7,10,7,9&sb=6,7,9,9,5,1&rs_c=1&sh=5&rs_m=1&c=0.10&sver=5&counter=118&l=20&s=8,11,8,5,6,9,10,10,8,5,8,5,11,8,11,11,9,5,9,8,7,11,4,9,7,11,8,9,5,8&w=1.60,
tw=1.00&tmb=4,9~5,9~10,9~11,9~21,9~24,9~27,9~29,9&balance=99,996.80&accm=cp&acci=0&index=63&balance_cash=99,996.80&reel_set=1&balance_bonus=0.00&na=s&accv=0&rs=mc&tmb_win=1.00&l0=0~1.00~4~5~10~11~21~24~27~29&rs_p=0&bl=0&stime=1703248050002&sa=6,9,7,5,10,3&sb=10,11,9,6,11,8&rs_c=1&sh=5&rs_m=1&c=0.10&sver=5&counter=126&l=20&s=11,7,8,5,9,9,10,4,8,11,9,9,7,4,11,11,5,5,11,1,7,9,5,5,9,3,8,9,10,9&w=1.00,
tw=0.80&tmb=4,10~8,10~13,10~15,10~19,10~23,10~24,10~26,10&balance=99,995.80&accm=cp&acci=0&index=66&balance_cash=99,995.80&reel_set=1&balance_bonus=0.00&na=s&accv=0&rs=mc&tmb_win=0.80&l0=0~0.80~4~8~13~15~19~23~24~26&rs_p=0&bl=0&stime=1703248056554&sa=6,11,7,6,11,4&sb=7,5,6,7,9,3&rs_c=1&sh=5&rs_m=1&c=0.10&sver=5&counter=132&l=20&s=11,8,5,7,10,11,8,8,10,6,7,9,8,10,9,10,4,9,9,10,7,9,4,10,10,5,10,8,11,8&w=0.80,
tw=0.50&tmb=11,11~13,11~17,11~19,11~21,11~23,11~24,11~27,11&balance=99,994.60&accm=cp&acci=0&index=69&balance_cash=99,994.60&reel_set=2&balance_bonus=0.00&na=s&accv=0&rs=mc&tmb_win=0.50&l0=0~0.50~11~13~17~19~21~23~24~27&rs_p=0&bl=0&stime=1703248091409&sa=10,8,7,9,11,5&sb=11,9,10,3,10,9&rs_c=1&sh=5&rs_m=1&c=0.10&sver=5&counter=138&l=20&s=4,8,7,10,6,5,4,10,4,10,6,11,3,11,4,10,8,11,3,11,9,11,8,11,11,9,9,11,10,9&w=0.50,
tw=0.00&balance=99,993.10&accm=cp&acci=0&index=72&balance_cash=99,993.10&reel_set=2&balance_bonus=0.00&na=s&accv=0&bl=0&stime=1703248097328&sa=9,10,7,5,10,8&sb=3,4,4,6,7,9&sh=5&c=0.10&sver=5&counter=144&l=20&s=10,10,7,3,10,7,10,9,8,3,4,7,4,9,8,9,4,11,4,4,11,9,9,11,3,4,11,6,9,9&w=0.00,
tw=0.00&balance=99,991.10&accm=cp&acci=0&index=73&balance_cash=99,991.10&reel_set=0&balance_bonus=0.00&na=s&accv=0&bl=0&stime=1703248100114&sa=7,6,3,10,5,7&sb=11,9,7,11,9,7&sh=5&c=0.10&sver=5&counter=146&l=20&s=9,8,3,10,5,7,1,8,5,1,7,11,6,10,5,4,7,11,6,11,5,4,7,9,11,11,7,11,1,9&w=0.00,
tw=0.00&balance=99,989.10&accm=cp&acci=0&index=74&balance_cash=99,989.10&reel_set=1&balance_bonus=0.00&na=s&accv=0&bl=0&stime=1703248102803&sa=5,7,10,9,7,9&sb=10,6,10,4,3,4&sh=5&c=0.10&sver=5&counter=148&l=20&s=8,11,7,6,7,8,10,1,4,8,11,1,11,9,11,6,11,6,6,9,9,10,9,7,11,6,9,4,3,6&w=0.00,
tw=0.00&balance=99,987.10&accm=cp&acci=0&index=75&balance_cash=99,987.10&reel_set=1&balance_bonus=0.00&na=s&accv=0&bl=0&stime=1703248105602&sa=11,5,3,8,10,3&sb=8,10,8,11,8,11&sh=5&c=0.10&sver=5&counter=150&l=20&s=11,5,5,8,10,7,9,10,10,8,11,6,10,6,5,10,7,10,5,7,7,10,4,6,5,7,7,11,6,11&w=0.00,
tw=0.00&balance=99,985.10&accm=cp&acci=0&index=76&balance_cash=99,985.10&reel_set=1&balance_bonus=0.00&na=s&accv=0&bl=0&stime=1703248108320&sa=6,10,11,7,9,9&sb=7,10,9,11,1,10&sh=5&c=0.10&sver=5&counter=152&l=20&s=11,10,11,10,5,10,8,5,4,10,5,11,8,5,4,1,10,3,9,7,7,4,11,7,10,9,10,4,7,6&w=0.00,
tw=0.00&balance=99,983.10&accm=cp&acci=0&index=77&balance_cash=99,983.10&reel_set=1&balance_bonus=0.00&na=s&accv=0&bl=0&stime=1703248110906&sa=5,4,7,7,9,9&sb=6,5,11,10,5,10&sh=5&c=0.10&sver=5&counter=154&l=20&s=5,1,8,6,7,10,7,3,9,10,6,11,10,11,8,9,8,3,9,11,10,8,9,7,1,9,7,7,4,6&w=0.00,
tw=0.00&balance=99,981.10&accm=cp&acci=0&index=78&balance_cash=99,981.10&reel_set=1&balance_bonus=0.00&na=s&accv=0&bl=0&stime=1703248113474&sa=10,8,7,3,9,8&sb=11,10,7,7,7,11&sh=5&c=0.10&sver=5&counter=156&l=20&s=11,10,11,11,4,7,6,4,11,3,5,10,11,11,6,11,5,8,10,9,6,3,7,5,7,9,8,7,9,6&w=0.00,
tw=0.00&balance=99,979.10&accm=cp&acci=0&index=79&balance_cash=99,979.10&reel_set=1&balance_bonus=0.00&na=s&accv=0&bl=0&stime=1703248116174&sa=9,11,8,6,5,10&sb=6,6,9,7,8,9&sh=5&c=0.10&sver=5&counter=158&l=20&s=10,11,8,10,5,4,7,9,11,4,7,11,11,5,7,4,9,4,11,5,5,7,7,3,8,10,10,9,8,3&w=0.00,
tw=0.00&balance=99,977.10&accm=cp&acci=0&index=80&balance_cash=99,977.10&reel_set=0&balance_bonus=0.00&na=s&accv=0&bl=0&stime=1703248118744&sa=6,9,4,10,7,8&sb=11,3,10,3,3,4&sh=5&c=0.10&sver=5&counter=160&l=20&s=10,9,4,10,7,8,10,4,7,10,9,1,10,4,7,11,9,6,8,1,9,11,9,6,8,3,9,3,3,6&w=0.00,
tw=0.00&balance=99,965.90&accm=cp&acci=0&index=88&balance_cash=99,965.90&reel_set=0&balance_bonus=0.00&na=s&accv=0&bl=0&stime=1703248223969&sa=11,10,3,9,9,5&sb=7,3,7,4,11,10&sh=5&c=0.10&sver=5&counter=176&l=20&s=11,9,3,9,9,7,11,9,5,6,9,7,5,4,5,6,3,11,5,4,5,10,3,11,7,1,7,10,11,10&w=0.00,
tw=2.00&tmb=0,7~1,7~3,7~6,7~9,7~16,7~22,7~28,7&balance=99,963.90&accm=cp&acci=0&index=89&balance_cash=99,963.90&reel_set=0&balance_bonus=0.00&na=s&accv=0&rs=mc&tmb_win=2.00&l0=0~2.00~0~1~3~6~9~16~22~28&rs_p=0&bl=0&stime=1703248232239&sa=11,7,10,3,9,9&sb=10,10,7,4,1,4&rs_c=1&sh=5&rs_m=1&c=0.10&sver=5&counter=178&l=20&s=7,7,10,7,5,9,7,9,11,7,5,10,9,9,11,10,7,10,9,6,6,10,7,10,10,6,6,1,7,4&w=2.00,
tw=1.00&tmb=3,9~5,9~7,9~8,9~9,9~11,9~13,9~14,9~17,9&balance=99,967.20&accm=cp&acci=0&index=95&balance_cash=99,967.20&reel_set=2&balance_bonus=0.00&na=s&accv=0&rs=mc&tmb_win=1.00&l0=0~1.00~3~5~7~8~9~11~13~14~17&rs_p=0&bl=0&stime=1703249392132&sa=8,10,7,4,5,11&sb=7,4,4,5,8,10&rs_c=1&sh=5&rs_m=1&c=0.10&sver=5&counter=190&l=20&s=8,10,7,9,11,9,11,9,9,9,11,9,11,9,9,11,6,9,11,4,10,11,6,10,7,4,10,5,8,10&w=1.00,
tw=0.00&balance=99,967.50&accm=cp&acci=0&index=100&balance_cash=99,967.50&reel_set=1&balance_bonus=0.00&na=s&accv=0&bl=0&stime=1703249405921&sa=11,9,11,10,8,3&sb=10,6,5,11,11,8&sh=5&c=0.10&sver=5&counter=200&l=20&s=8,10,6,11,8,7,7,3,6,11,9,11,11,6,8,5,10,6,11,7,7,5,7,9,9,8,1,3,7,9&w=0.00,
tw=0.00&balance=99,965.50&accm=cp&acci=0&index=101&balance_cash=99,965.50&reel_set=0&balance_bonus=0.00&na=s&accv=0&bl=0&stime=1703249408874&sa=10,5,7,9,9,6&sb=8,6,8,4,7,10&sh=5&c=0.10&sver=5&counter=202&l=20&s=9,8,7,9,8,11,9,8,1,11,8,11,6,3,5,11,8,9,6,3,5,10,11,9,8,6,5,10,11,9&w=0.00,
tw=0.00&balance=99,963.50&accm=cp&acci=0&index=102&balance_cash=99,963.50&reel_set=1&balance_bonus=0.00&na=s&accv=0&bl=0&stime=1703249412359&sa=8,7,10,11,10,8&sb=8,5,7,9,3,9&sh=5&c=0.10&sver=5&counter=204&l=20&s=6,11,3,11,7,3,10,8,5,5,7,7,9,8,10,5,11,11,10,10,5,3,11,6,8,10,7,11,9,9&w=0.00,
tw=2.30&tmb=0,11~1,11~2,10~4,11~5,11~6,11~8,10~9,11~12,10~14,11~15,11~18,10~19,10~20,11~21,10~22,10~25,10~27,10~28,10&balance=99,961.50&accm=cp&acci=0&index=103&balance_cash=99,961.50&reel_set=0&balance_bonus=0.00&na=s&accv=0&rs=mc&tmb_win=2.30&l0=0~1.80~2~8~12~18~19~21~22~25~27~28&l1=0~0.50~0~1~4~5~6~9~14~15~20&rs_p=0&bl=0&stime=1703249415180&sa=8,11,8,9,11,11&sb=5,5,6,4,4,8&rs_c=1&sh=5&rs_m=1&c=0.10&sver=5&counter=206&l=20&s=11,11,10,9,11,11,11,8,10,11,6,9,10,8,11,11,6,9,10,10,11,10,10,7,5,10,6,10,10,7&w=2.30,
tw=1.50&tmb=0,11~3,9~4,11~7,11~8,11~11,11~12,11~14,9~15,11~17,11~19,9~20,9~23,9~25,9~28,9~29,9&balance=99,962.80&accm=cp&acci=0&index=107&balance_cash=99,962.80&reel_set=1&balance_bonus=0.00&na=s&accv=0&rs=mc&tmb_win=1.50&l0=0~1.00~3~14~19~20~23~25~28~29&l1=0~0.50~0~4~7~8~11~12~15~17&rs_p=0&bl=0&stime=1703249424453&sa=10,11,7,9,11,10&sb=11,6,7,8,9,9&rs_c=1&sh=5&rs_m=1&c=0.10&sver=5&counter=214&l=20&s=11,7,4,9,11,6,6,11,11,4,8,11,11,1,9,11,10,11,10,9,9,10,10,9,7,9,10,5,9,9&w=1.50,
tw=0.00&balance=99,963.10&accm=cp&acci=0&index=111&balance_cash=99,963.10&reel_set=1&balance_bonus=0.00&na=s&accv=0&bl=0&stime=1703249433461&sa=9,6,3,7,6,3&sb=11,11,9,10,11,11&sh=5&c=0.10&sver=5&counter=222&l=20&s=10,6,7,11,11,7,8,11,10,11,10,6,8,10,7,6,7,10,3,8,4,7,4,6,11,8,11,6,4,11&w=0.00,
tw=1.80&tmb=1,9~2,9~4,10~8,9~9,9~10,10~14,10~15,9~18,9~19,10~20,10~21,10~23,9~25,10~27,10~28,9~29,9&balance=99,961.10&accm=cp&acci=0&index=112&balance_cash=99,961.10&reel_set=0&balance_bonus=0.00&na=s&accv=0&rs=mc&tmb_win=1.80&l0=0~1.00~1~2~8~9~15~18~23~28~29&l1=0~0.80~4~10~14~19~20~21~25~27&rs_p=0&bl=0&stime=1703249437779&sa=5,9,7,6,6,6&sb=6,8,4,10,9,9&rs_c=1&sh=5&rs_m=1&c=0.10&sver=5&counter=224&l=20&s=5,9,9,6,10,6,7,6,9,9,10,11,7,6,10,9,4,11,9,10,10,10,4,9,1,10,4,10,9,9&w=1.80,
tw=0.00&balance=99,969.20&accm=cp&acci=0&index=119&balance_cash=99,969.20&reel_set=0&balance_bonus=0.00&na=s&accv=0&bl=0&stime=1703249456942&sa=10,6,7,11,9,11&sb=11,9,7,10,4,8&sh=5&c=0.10&sver=5&counter=238&l=20&s=4,6,3,11,9,11,4,10,3,5,7,9,3,10,5,5,7,9,3,10,5,8,4,7,11,9,5,8,4,7&w=0.00,
tw=0.00&balance=99,967.20&accm=cp&acci=0&index=120&balance_cash=99,967.20&reel_set=1&balance_bonus=0.00&na=s&accv=0&bl=0&stime=1703249461863&sa=9,8,11,4,7,5&sb=11,7,7,11,3,9&sh=5&c=0.10&sver=5&counter=240&l=20&s=10,8,7,4,7,6,8,10,8,7,11,11,8,10,9,9,11,10,3,5,8,7,9,11,11,5,10,11,3,9&w=0.00,
tw=0.00&balance=99,965.20&accm=cp&acci=0&index=121&balance_cash=99,965.20&reel_set=1&balance_bonus=0.00&na=s&accv=0&bl=0&stime=1703249469501&sa=11,10,9,9,10,10&sb=10,8,9,3,8,9&sh=5&c=0.10&sver=5&counter=242&l=20&s=9,8,11,8,10,6,10,9,11,7,11,11,5,9,10,10,7,11,5,7,4,3,4,9,8,11,4,11,6,9&w=0.00,
tw=0.00&balance=99,963.20&accm=cp&acci=0&index=122&balance_cash=99,963.20&reel_set=1&balance_bonus=0.00&na=s&accv=0&bl=0&stime=1703249473189&sa=6,11,1,7,8,11&sb=9,7,11,3,11,5&sh=5&c=0.10&sver=5&counter=244&l=20&s=6,4,5,10,9,4,11,10,11,3,10,3,8,8,5,11,7,3,10,9,8,3,7,9,11,9,8,11,11,9&w=0.00,
tw=0.00&balance=99,961.20&accm=cp&acci=0&index=123&balance_cash=99,961.20&reel_set=0&balance_bonus=0.00&na=s&accv=0&bl=0&stime=1703249476141&sa=11,10,11,9,11,9&sb=8,11,9,3,9,5&sh=5&c=0.10&sver=5&counter=246&l=20&s=11,4,11,10,11,7,10,4,4,10,11,7,10,9,4,10,10,8,5,9,7,11,10,8,5,9,7,11,9,5&w=0.00,
tw=1.00&tmb=5,9~9,9~11,9~12,9~15,9~16,9~18,9~22,9&balance=99,998.00&accm=cp&acci=0&index=2&balance_cash=99,998.00&reel_set=0&balance_bonus=0.00&na=s&accv=0&rs=mc&tmb_win=1.00&l0=0~1.00~5~9~11~12~15~16~18~22&rs_p=0&bl=0&stime=1703250182800&sa=11,5,6,3,11,9&sb=10,6,5,10,5,4&rs_c=1&sh=5&rs_m=1&c=0.10&sver=5&counter=4&l=20&s=7,8,7,3,10,9,7,8,7,9,10,9,9,3,1,9,9,10,9,3,5,6,9,10,10,6,5,6,5,10&w=1.00,
tw=0.00&balance=99,997.00&accm=cp&acci=0&index=5&balance_cash=99,997.00&reel_set=1&balance_bonus=0.00&na=s&accv=0&bl=0&stime=1703250189534&sa=7,10,4,10,10,11&sb=5,6,11,10,8,10&sh=5&c=0.10&sver=5&counter=10&l=20&s=11,6,4,10,10,9,11,7,7,1,11,9,9,7,10,4,7,8,10,10,9,4,4,8,5,9,11,11,6,7&w=0.00,
tw=0.00&balance=99,995.00&accm=cp&acci=0&index=6&balance_cash=99,995.00&reel_set=1&balance_bonus=0.00&na=s&accv=0&bl=0&stime=1703250195400&sa=11,4,3,9,7,10&sb=8,11,9,4,5,9&sh=5&c=0.10&sver=5&counter=12&l=20&s=9,10,7,9,6,4,7,8,10,6,8,11,6,9,7,8,9,4,6,9,4,6,4,3,11,7,11,10,5,3&w=0.00,
tw=1.00&tmb=11,9~17,9~21,9~22,9~23,9~25,9~26,9~27,9~28,9&balance=99,993.00&accm=cp&acci=0&index=7&balance_cash=99,993.00&reel_set=0&balance_bonus=0.00&na=s&accv=0&rs=mc&tmb_win=1.00&l0=0~1.00~11~17~21~22~23~25~26~27~28&rs_p=0&bl=0&stime=1703250199059&sa=9,10,8,11,10,11&sb=10,9,9,10,7,10&rs_c=1&sh=5&rs_m=1&c=0.10&sver=5&counter=14&l=20&s=8,10,11,6,10,11,8,10,11,6,4,9,11,4,5,6,4,9,11,4,5,9,9,9,10,9,9,9,9,10&w=1.00,
tw=0.50&tmb=5,11~7,11~8,11~10,11~13,11~14,11~15,11~16,11~21,11&balance=99,992.50&accm=cp&acci=0&index=11&balance_cash=99,992.50&reel_set=0&balance_bonus=0.00&na=s&accv=0&rs=mc&tmb_win=0.50&l0=0~0.50~5~7~8~10~13~14~15~16~21&rs_p=0&bl=0&stime=1703250206613&sa=11,9,8,1,10,11&sb=10,10,9,5,10,10&rs_c=1&sh=5&rs_m=1&c=0.10&sver=5&counter=22&l=20&s=7,9,8,4,10,11,7,11,11,4,11,9,9,11,11,11,11,9,9,8,5,11,6,8,10,8,5,5,6,8&w=0.50,
tw=0.00&balance=99,991.00&accm=cp&acci=0&index=14&balance_cash=99,991.00&reel_set=1&balance_bonus=0.00&na=s&accv=0&bl=0&stime=1703250211398&sa=8,11,1,8,9,11&sb=11,8,7,5,5,6&sh=5&c=0.10&sver=5&counter=28&l=20&s=8,1,10,10,7,9,9,9,3,10,6,10,10,9,5,11,8,11,7,6,10,11,9,3,11,6,5,5,4,7&w=0.00,
tw=0.50&tmb=3,11~4,11~6,11~8,11~12,11~14,11~23,11~25,11&balance=99,989.00&accm=cp&acci=0&index=15&balance_cash=99,989.00&reel_set=1&balance_bonus=0.00&na=s&accv=0&rs=mc&tmb_win=0.50&l0=0~0.50~3~4~6~8~12~14~23~25&rs_p=0&bl=0&stime=1703250215618&sa=10,11,10,3,6,10&sb=10,4,8,6,11,3&rs_c=1&sh=5&rs_m=1&c=0.10&sver=5&counter=30&l=20&s=7,9,7,11,11,8,11,9,11,9,10,10,11,10,11,9,7,4,8,10,6,6,4,11,6,11,6,8,4,4&w=0.50,
tw=0.00&balance=99,987.50&accm=cp&acci=0&index=18&balance_cash=99,987.50&reel_set=1&balance_bonus=0.00&na=s&accv=0&bl=0&stime=1703250220973&sa=3,10,5,6,10,9&sb=11,9,7,9,7,6&sh=5&c=0.10&sver=5&counter=36&l=20&s=11,11,10,11,7,5,11,4,9,10,4,5,4,10,7,9,4,9,4,8,10,4,11,8,9,9,6,4,9,1&w=0.00,
tw=2.00&tmb=8,7~11,7~12,7~15,7~16,7~19,7~21,7~25,7&balance=99,985.50&accm=cp&acci=0&index=19&balance_cash=99,985.50&reel_set=1&balance_bonus=0.00&na=s&accv=0&rs=mc&tmb_win=2.00&l0=0~2.00~8~11~12~15~16~19~21~25&rs_p=0&bl=0&stime=1703250224840&sa=4,5,10,3,5,8&sb=5,10,5,10,10,9&rs_c=1&sh=5&rs_m=1&c=0.10&sver=5&counter=38&l=20&s=3,5,6,11,10,3,3,10,7,3,11,7,7,6,1,7,7,11,6,7,10,7,1,6,11,7,3,10,9,9&w=2.00,
tw=0.00&balance=99,985.50&accm=cp&acci=0&index=22&balance_cash=99,985.50&reel_set=1&balance_bonus=0.00&na=s&accv=0&bl=0&stime=1703250229894&sa=6,1,5,4,10,9&sb=7,8,7,11,11,1&sh=5&c=0.10&sver=5&counter=44&l=20&s=11,9,11,4,10,9,8,9,5,7,11,5,8,6,8,9,6,5,9,6,8,7,11,9,10,8,11,11,6,8&w=0.00,
tw=0.00&balance=99,983.50&accm=cp&acci=0&index=23&balance_cash=99,983.50&reel_set=1&balance_bonus=0.00&na=s&accv=0&bl=0&stime=1703250232864&sa=11,9,8,9,9,5&sb=7,7,8,4,1,7&sh=5&c=0.10&sver=5&counter=46&l=20&s=4,5,8,9,5,5,4,5,11,6,5,9,9,10,7,11,10,8,11,6,8,10,11,1,8,7,9,9,7,6&w=0.00,
tw=0.00&balance=99,981.50&accm=cp&acci=0&index=24&balance_cash=99,981.50&reel_set=1&balance_bonus=0.00&na=s&accv=0&bl=0&stime=1703250235548&sa=11,10,10,10,8,5&sb=8,8,7,10,9,7&sh=5&c=0.10&sver=5&counter=48&l=20&s=9,8,3,10,9,5,7,9,5,1,4,9,6,9,10,4,5,8,6,7,5,4,5,1,11,11,7,11,7,6&w=0.00,
tw=0.80&tmb=7,10~10,10~13,10~16,10~21,10~24,10~27,10~29,10&balance=99,979.50&accm=cp&acci=0&index=25&balance_cash=99,979.50&reel_set=0&balance_bonus=0.00&na=s&accv=0&rs=mc&tmb_win=0.80&l0=0~0.80~7~10~13~16~21~24~27~29&rs_p=0&bl=0&stime=1703250238299&sa=11,8,7,5,11,5&sb=10,8,7,11,5,10&rs_c=1&sh=5&rs_m=1&c=0.10&sver=5&counter=50&l=20&s=7,8,3,5,11,7,7,10,3,8,10,7,9,10,5,8,10,11,9,5,5,10,9,11,10,5,5,10,9,10&w=0.80,
tw=0.00&balance=99,983.80&accm=cp&acci=0&index=30&balance_cash=99,983.80&reel_set=2&balance_bonus=0.00&na=s&accv=0&bl=0&stime=1703250266184&sa=4,4,4,7,9,4&sb=11,11,4,6,7,5&sh=5&c=0.10&sver=5&counter=60&l=20&s=4,4,3,7,8,4,3,9,3,11,8,3,3,9,7,11,8,3,11,9,7,6,11,9,11,11,7,6,11,9&w=0.00,
tw=3.00&tmb=4,6~6,6~10,6~12,6~13,6~17,6~19,6~23,6~29,6&balance=99,981.80&accm=cp&acci=0&rmul=12~11~3&index=31&balance_cash=99,981.80&reel_set=2&balance_bonus=0.00&na=s&accv=3&rs=mc&tmb_win=3.00&l0=0~3.00~4~6~10~12~13~17~19~23~29&rs_p=0&bl=0&stime=1703250269153&sa=11,7,10,3,11,8&sb=10,10,7,10,4,4&rs_c=1&sh=5&rs_m=1&c=0.10&sver=5&counter=62&l=20&s=11,9,4,3,6,8,6,9,4,3,6,12,6,6,3,7,10,6,10,6,3,7,10,6,10,10,7,10,4,6&w=3.00,
tw=0.00&balance=99,988.80&accm=cp&acci=0&index=34&balance_cash=99,988.80&reel_set=1&balance_bonus=0.00&na=s&accv=0&bl=0&stime=1703250279112&sa=4,6,11,10,4,9&sb=11,6,7,11,8,4&sh=5&c=0.10&sver=5&counter=68&l=20&s=4,7,10,4,5,9,9,7,4,4,5,9,11,10,4,7,7,10,8,9,9,9,9,8,7,6,3,7,7,10&w=0.00,
tw=0.00&balance=99,986.80&accm=cp&acci=0&index=35&balance_cash=99,986.80&reel_set=1&balance_bonus=0.00&na=s&accv=0&bl=0&stime=1703250282297&sa=4,7,10,6,11,7&sb=11,10,4,7,5,10&sh=5&c=0.10&sver=5&counter=70&l=20&s=4,10,9,10,8,6,3,9,11,4,10,4,3,6,11,4,10,11,7,6,10,7,9,9,6,11,4,9,9,9&w=0.00,
tw=0.00&balance=99,984.80&accm=cp&acci=0&index=36&balance_cash=99,984.80&reel_set=1&balance_bonus=0.00&na=s&accv=0&bl=0&stime=1703250285195&sa=7,10,11,8,11,10&sb=5,10,7,9,7,6&sh=5&c=0.10&sver=5&counter=72&l=20&s=11,10,7,6,6,11,11,5,8,10,11,3,9,5,9,4,6,7,10,7,8,4,11,6,5,9,10,7,10,10&w=0.00,
tw=0.00&balance=99,982.80&accm=cp&acci=0&index=37&balance_cash=99,982.80&reel_set=1&balance_bonus=0.00&na=s&accv=0&bl=0&stime=1703250287934&sa=11,6,10,11,10,5&sb=1,7,1,9,7,6&sh=5&c=0.10&sver=5&counter=74&l=20&s=5,11,9,10,7,9,5,10,7,9,4,8,7,8,10,4,4,1,10,8,6,4,11,6,9,11,7,9,9,7&w=0.00,
tw=0.00&balance=99,980.80&accm=cp&acci=0&index=38&balance_cash=99,980.80&reel_set=1&balance_bonus=0.00&na=s&accv=0&bl=0&stime=1703250290619&sa=8,3,7,7,5,7&sb=9,10,11,10,8,10&sh=5&c=0.10&sver=5&counter=76&l=20&s=3,11,8,6,9,6,11,11,9,10,11,4,11,9,8,9,6,11,4,5,10,8,6,9,4,5,7,7,8,9&w=0.00,
tw=0.00&balance=99,978.80&accm=cp&acci=0&index=39&balance_cash=99,978.80&reel_set=1&balance_bonus=0.00&na=s&accv=0&bl=0&stime=1703250293171&sa=10,8,7,8,7,7&sb=4,9,9,11,5,7&sh=5&c=0.10&sver=5&counter=78&l=20&s=8,10,8,7,4,11,8,10,8,10,6,9,3,5,11,3,8,10,11,5,7,11,8,11,11,7,8,3,1,3&w=0.00,
tw=0.00&balance=99,976.80&accm=cp&acci=0&index=40&balance_cash=99,976.80&reel_set=1&balance_bonus=0.00&na=s&accv=0&bl=0&stime=1703250296206&sa=7,6,6,4,7,6&sb=9,11,5,11,5,8&sh=5&c=0.10&sver=5&counter=80&l=20&s=6,6,8,4,6,4,6,11,7,7,8,11,11,10,1,9,9,9,8,8,5,7,4,9,8,8,11,11,5,10&w=0.00,
tw=0.00&balance=99,974.80&accm=cp&acci=0&index=41&balance_cash=99,974.80&reel_set=1&balance_bonus=0.00&na=s&accv=0&bl=0&stime=1703250299156&sa=10,7,8,6,10,7&sb=6,5,7,7,11,10&sh=5&c=0.10&sver=5&counter=82&l=20&s=4,11,11,8,9,6,4,8,7,6,9,4,3,8,5,10,5,11,3,10,10,4,5,9,7,10,9,4,10,9&w=0.00,
tw=0.00&balance=99,972.80&accm=cp&acci=0&rmul=12~16~12&index=42&balance_cash=99,972.80&reel_set=2&balance_bonus=0.00&na=s&accv=12&bl=0&stime=1703250301811&sa=10,3,10,7,7,4&sb=8,9,7,10,10,7&sh=5&c=0.10&sver=5&counter=84&l=20&s=9,6,10,7,7,4,9,6,11,9,7,9,6,10,11,9,12,9,6,10,6,11,9,8,8,10,6,11,10,8&w=0.00,
tw=0.00&balance=99,970.80&accm=cp&acci=0&index=43&balance_cash=99,970.80&reel_set=1&balance_bonus=0.00&na=s&accv=0&bl=0&stime=1703250305796&sa=6,7,4,10,11,3&sb=9,10,10,3,10,11&sh=5&c=0.10&sver=5&counter=86&l=20&s=11,10,7,10,6,7,5,9,10,11,6,6,5,6,9,11,8,10,7,6,11,5,8,6,10,11,11,5,10,11&w=0.00,
tw=0.00&balance=99,968.80&accm=cp&acci=0&index=44&balance_cash=99,968.80&reel_set=1&balance_bonus=0.00&na=s&accv=0&bl=0&stime=1703250308414&sa=3,8,8,10,5,1&sb=11,7,4,11,9,9&sh=5&c=0.10&sver=5&counter=88&l=20&s=11,8,7,4,5,6,11,10,9,4,10,7,4,10,11,7,11,6,4,5,11,9,7,4,9,5,4,7,1,11&w=0.00,
tw=0.50&tmb=1,11~12,11~16,11~18,11~21,11~22,11~26,11~27,11&balance=99,966.80&accm=cp&acci=0&index=45&balance_cash=99,966.80&reel_set=0&balance_bonus=0.00&na=s&accv=0&rs=mc&tmb_win=0.50&l0=0~0.50~1~12~16~18~21~22~26~27&rs_p=0&bl=0&stime=1703250311033&sa=10,11,5,9,8,8&sb=4,7,11,3,6,4&rs_c=1&sh=5&rs_m=1&c=0.10&sver=5&counter=90&l=20&s=8,11,5,10,10,1,8,5,5,10,10,6,11,5,8,10,11,6,11,10,8,11,11,6,4,10,11,11,6,4&w=0.50,
tw=0.50&tmb=2,11~8,11~16,11~21,11~22,11~27,11~28,11~29,11&balance=99,975.70&accm=cp&acci=0&index=52&balance_cash=99,975.70&reel_set=0&balance_bonus=0.00&na=s&accv=0&rs=mc&tmb_win=0.50&l0=0~0.50~2~8~16~21~22~27~28~29&rs_p=0&bl=0&stime=1703250335303&sa=7,7,8,4,9,9&sb=4,10,10,6,10,11&rs_c=1&sh=5&rs_m=1&c=0.10&sver=5&counter=104&l=20&s=9,9,11,7,3,8,9,9,11,7,3,8,10,6,8,7,11,7,10,6,8,11,11,7,4,10,8,11,11,11&w=0.50,
tw=0.50&tmb=2,11~8,11~16,11~21,11~22,11~27,11~28,11~29,11&balance=99,975.70&accm=cp&acci=0&index=52&balance_cash=99,975.70&reel_set=0&balance_bonus=0.00&na=s&accv=0&rs=mc&tmb_win=0.50&l0=0~0.50~2~8~16~21~22~27~28~29&rs_p=0&bl=0&stime=1703250335303&sa=7,7,8,4,9,9&sb=4,10,10,6,10,11&rs_c=1&sh=5&rs_m=1&c=0.10&sver=5&counter=104&l=20&s=9,9,11,7,3,8,9,9,11,7,3,8,10,6,8,7,11,7,10,6,8,11,11,7,4,10,8,11,11,11&w=0.50,
tw=0.00&balance=99,978.60&accm=cp&acci=0&index=60&balance_cash=99,978.60&reel_set=1&balance_bonus=0.00&na=s&accv=0&bl=0&stime=1703250542812&sa=10,10,9,8,11,10&sb=4,3,10,9,11,11&sh=5&c=0.10&sver=5&counter=120&l=20&s=8,5,7,6,11,8,8,5,10,10,9,5,3,7,6,4,3,6,11,9,7,4,3,11,11,10,1,7,11,10&w=0.00,
tw=0.00&balance=99,976.60&accm=cp&acci=0&index=61&balance_cash=99,976.60&reel_set=1&balance_bonus=0.00&na=s&accv=0&bl=0&stime=1703250588710&sa=8,8,10,10,11,8&sb=6,9,8,10,7,11&sh=5&c=0.10&sver=5&counter=122&l=20&s=10,11,7,10,6,7,11,7,8,1,11,10,9,11,8,4,6,8,7,1,11,4,11,5,6,9,7,11,10,6&w=0.00,
tw=0.00&balance=99,974.60&accm=cp&acci=0&index=62&balance_cash=99,974.60&reel_set=1&balance_bonus=0.00&na=s&accv=0&bl=0&stime=1703250591643&sa=8,9,8,8,5,8&sb=7,10,4,9,9,7&sh=5&c=0.10&sver=5&counter=124&l=20&s=10,9,7,6,5,7,11,6,9,10,10,10,6,6,11,4,11,5,11,8,11,4,7,5,10,8,4,7,1,7&w=0.00,
tw=0.00&balance=99,972.60&accm=cp&acci=0&index=63&balance_cash=99,972.60&reel_set=1&balance_bonus=0.00&na=s&accv=0&bl=0&stime=1703250594630&sa=7,9,10,9,1,7&sb=4,6,4,6,4,7&sh=5&c=0.10&sver=5&counter=126&l=20&s=11,10,9,7,9,11,9,3,11,11,10,6,10,6,11,11,10,9,10,7,10,6,11,9,4,8,4,7,7,8&w=0.00,
tw=0.00&balance=99,970.60&accm=cp&acci=0&index=64&balance_cash=99,970.60&reel_set=1&balance_bonus=0.00&na=s&accv=0&bl=0&stime=1703250597346&sa=5,5,8,11,8,4&sb=6,7,11,1,6,5&sh=5&c=0.10&sver=5&counter=128&l=20&s=5,7,9,3,10,3,7,9,8,7,10,3,10,10,10,7,11,9,9,3,7,10,6,9,1,6,11,10,11,5&w=0.00,
tw=0.00&balance=99,968.60&accm=cp&acci=0&index=65&balance_cash=99,968.60&reel_set=1&balance_bonus=0.00&na=s&accv=0&bl=0&stime=1703250599949&sa=10,10,11,8,10,4&sb=4,8,5,5,11,9&sh=5&c=0.10&sver=5&counter=130&l=20&s=7,8,6,8,9,11,11,9,6,10,9,4,9,9,8,10,5,3,10,7,7,11,5,3,10,11,1,11,10,9&w=0.00,
tw=0.00&balance=99,966.60&accm=cp&acci=0&index=66&balance_cash=99,966.60&reel_set=0&balance_bonus=0.00&na=s&accv=0&bl=0&stime=1703250602604&sa=10,6,5,9,11,11&sb=8,11,11,4,3,6&sh=5&c=0.10&sver=5&counter=132&l=20&s=10,6,5,11,7,10,9,10,7,11,7,10,9,10,7,10,9,3,6,8,8,10,9,3,6,8,8,4,9,6&w=0.00,
tw=0.00&balance=99,964.60&accm=cp&acci=0&index=67&balance_cash=99,964.60&reel_set=1&balance_bonus=0.00&na=s&accv=0&bl=0&stime=1703250605253&sa=6,8,11,6,11,11&sb=10,9,7,7,7,6&sh=5&c=0.10&sver=5&counter=134&l=20&s=11,8,10,10,6,9,10,11,4,4,11,10,7,7,4,4,6,11,11,11,9,7,11,3,9,1,3,9,10,7&w=0.00,
tw=0.00&balance=99,962.60&accm=cp&acci=0&rmul=12~29~10&index=68&balance_cash=99,962.60&reel_set=2&balance_bonus=0.00&na=s&accv=10&bl=0&stime=1703250608143&sa=5,9,9,11,9,9&sb=7,10,3,9,12,6&sh=5&c=0.10&sver=5&counter=136&l=20&s=8,9,10,11,5,5,8,6,10,10,5,5,11,6,4,10,7,8,11,8,4,4,7,8,11,8,3,4,7,12&w=0.00,
tw=0.00&balance=99,960.60&accm=cp&acci=0&index=69&balance_cash=99,960.60&reel_set=1&balance_bonus=0.00&na=s&accv=0&bl=0&stime=1703250611244&sa=9,1,11,11,9,6&sb=9,8,5,9,7,8&sh=5&c=0.10&sver=5&counter=138&l=20&s=11,9,5,9,4,4,8,9,8,9,5,11,7,6,8,6,5,9,11,6,11,11,7,9,11,8,7,10,9,10&w=0.00,
tw=0.00&balance=99,958.60&accm=cp&acci=0&index=70&balance_cash=99,958.60&reel_set=0&balance_bonus=0.00&na=s&accv=0&bl=0&stime=1703250614461&sa=10,8,9,7,11,8&sb=4,10,3,4,9,4&sh=5&c=0.10&sver=5&counter=140&l=20&s=10,10,6,7,11,8,8,11,6,10,7,1,8,11,7,10,7,6,11,9,7,1,9,6,11,9,3,4,9,6&w=0.00,
tw=7.00&tmb=0,4~1,9~2,9~6,9~7,9~8,9~9,4~11,4~12,9~15,4~16,4~17,4~21,9~22,4~23,9~26,4~27,9~28,9~29,9&balance=99,956.60&accm=cp&acci=0&index=71&balance_cash=99,956.60&reel_set=0&balance_bonus=0.00&na=s&accv=0&rs=mc&tmb_win=7.00&l0=0~5.00~0~9~11~15~16~17~22~26&l1=0~2.00~1~2~6~7~8~12~21~23~27~28~29&rs_p=0&bl=0&stime=1703250618114&sa=4,7,7,10,6,6&sb=11,10,4,11,9,8&rs_c=1&sh=5&rs_m=1&c=0.10&sver=5&counter=142&l=20&s=4,9,9,10,10,6,9,9,9,4,10,4,9,6,10,4,4,4,8,6,10,9,4,9,8,10,4,9,9,9&w=7.00,
tw=0.00&balance=99,961.60&accm=cp&acci=0&index=74&balance_cash=99,961.60&reel_set=1&balance_bonus=0.00&na=s&accv=0&bl=0&stime=1703250624433&sa=6,4,9,6,4,7&sb=7,11,6,3,9,3&sh=5&c=0.10&sver=5&counter=148&l=20&s=11,10,8,10,11,7,8,8,10,9,9,11,10,9,7,8,7,9,11,9,11,7,6,10,9,7,11,10,8,11&w=0.00,
tw=0.00&balance=99,959.60&accm=cp&acci=0&index=75&balance_cash=99,959.60&reel_set=0&balance_bonus=0.00&na=s&accv=0&bl=0&stime=1703250627136&sa=6,5,5,7,6,9&sb=9,9,8,9,11,1&sh=5&c=0.10&sver=5&counter=150&l=20&s=6,10,5,11,6,9,11,10,5,11,8,5,11,7,7,6,8,5,10,7,7,6,5,8,10,9,8,6,5,8&w=0.00,
tw=0.50&tmb=7,11~9,11~11,11~15,11~17,11~19,11~20,11~26,11~28,11&balance=99,957.60&accm=cp&acci=0&index=76&balance_cash=99,957.60&reel_set=1&balance_bonus=0.00&na=s&accv=0&rs=mc&tmb_win=0.50&l0=0~0.50~7~9~11~15~17~19~20~26~28&rs_p=0&bl=0&stime=1703250629820&sa=10,8,9,10,8,10&sb=6,9,6,3,6,9&rs_c=1&sh=5&rs_m=1&c=0.10&sver=5&counter=152&l=20&s=4,8,8,10,8,6,4,11,10,11,1,11,3,7,7,11,5,11,3,11,11,5,9,9,7,1,11,5,11,9&w=0.50,
tw=0.00&balance=99,956.10&accm=cp&acci=0&index=79&balance_cash=99,956.10&reel_set=1&balance_bonus=0.00&na=s&accv=0&bl=0&stime=1703250637240&sa=6,9,9,9,6,4&sb=3,10,9,3,11,5&sh=5&c=0.10&sver=5&counter=158&l=20&s=10,9,11,8,6,3,9,6,11,7,8,3,10,6,10,10,8,9,8,8,4,3,10,9,8,8,4,11,10,5&w=0.00,
tw=0.00&balance=99,954.10&accm=cp&acci=0&index=80&balance_cash=99,954.10&reel_set=0&balance_bonus=0.00&na=s&accv=0&bl=0&stime=1703250660473&sa=11,11,11,10,9,4&sb=10,6,9,11,10,7&sh=5&c=0.10&sver=5&counter=160&l=20&s=7,11,11,4,3,4,7,1,4,4,3,9,9,9,4,7,11,9,9,9,7,7,11,8,10,6,7,7,11,8&w=0.00,
tw=0.00&balance=99,952.10&accm=cp&acci=0&index=81&balance_cash=99,952.10&reel_set=1&balance_bonus=0.00&na=s&accv=0&bl=0&stime=1703250682142&sa=11,5,7,11,10,9&sb=10,9,7,10,10,1&sh=5&c=0.10&sver=5&counter=162&l=20&s=11,10,11,9,11,9,8,6,11,9,7,5,6,7,6,6,1,5,10,7,6,8,9,9,9,10,8,6,10,8&w=0.00,
tw=1.60&tmb=0,8~3,8~6,8~7,8~9,8~13,8~22,8~28,8~29,8&balance=99,950.10&accm=cp&acci=0&index=82&balance_cash=99,950.10&reel_set=0&balance_bonus=0.00&na=s&accv=0&rs=mc&tmb_win=1.60&l0=0~1.60~0~3~6~7~9~13~22~28~29&rs_p=0&bl=0&stime=1703250685176&sa=10,5,11,5,5,11&sb=4,6,6,11,8,8&rs_c=1&sh=5&rs_m=1&c=0.10&sver=5&counter=164&l=20&s=8,5,11,8,5,11,8,8,5,8,9,11,11,8,5,10,9,9,11,3,9,10,8,9,4,3,9,11,8,8&w=1.60,
tw=0.00&balance=99,957.00&accm=cp&acci=0&index=89&balance_cash=99,957.00&reel_set=1&balance_bonus=0.00&na=s&accv=0&bl=0&stime=1703250708611&sa=5,6,6,10,11,1&sb=6,9,11,7,4,9&sh=5&c=0.10&sver=5&counter=178&l=20&s=5,8,6,3,6,6,7,8,8,11,11,7,10,10,7,3,10,6,9,4,1,11,7,4,1,11,5,3,4,11&w=0.00,
tw=0.00&balance=99,955.00&accm=cp&acci=0&index=90&balance_cash=99,955.00&reel_set=1&balance_bonus=0.00&na=s&accv=0&bl=0&stime=1703250713729&sa=10,7,1,11,7,7&sb=11,4,7,9,5,10&sh=5&c=0.10&sver=5&counter=180&l=20&s=11,8,10,9,6,10,6,6,3,9,8,8,11,11,5,6,9,5,10,9,10,11,4,6,7,7,5,10,5,11&w=0.00,
tw=0.00&balance=99,953.00&accm=cp&acci=0&index=91&balance_cash=99,953.00&reel_set=1&balance_bonus=0.00&na=s&accv=0&bl=0&stime=1703250716449&sa=6,8,11,11,8,11&sb=3,4,7,9,6,6&sh=5&c=0.10&sver=5&counter=182&l=20&s=10,6,7,11,8,9,9,11,8,5,1,10,10,9,9,5,5,11,8,7,8,3,9,3,8,4,10,11,11,7&w=0.00,
tw=0.00&balance=99,951.00&accm=cp&acci=0&index=92&balance_cash=99,951.00&reel_set=1&balance_bonus=0.00&na=s&accv=0&bl=0&stime=1703250719143&sa=11,6,8,10,7,5&sb=6,11,8,4,10,9&sh=5&c=0.10&sver=5&counter=184&l=20&s=8,6,7,9,9,6,10,8,1,4,7,11,11,8,5,4,8,10,9,10,11,9,8,11,7,4,5,9,9,9&w=0.00,
tw=0.00&balance=99,949.00&accm=cp&acci=0&index=93&balance_cash=99,949.00&reel_set=1&balance_bonus=0.00&na=s&accv=0&bl=0&stime=1703250721841&sa=10,11,8,4,6,4&sb=8,5,8,11,11,9&sh=5&c=0.10&sver=5&counter=186&l=20&s=9,8,7,11,11,11,1,8,1,10,10,4,6,10,5,5,7,3,6,10,11,5,4,3,11,5,5,11,4,9&w=0.00,
tw=2.40&tmb=2,8~3,8~5,8~8,8~9,8~10,8~11,8~14,8~16,8~24,8&balance=99,947.00&accm=cp&acci=0&index=94&balance_cash=99,947.00&reel_set=0&balance_bonus=0.00&na=s&accv=0&rs=mc&tmb_win=2.40&l0=0~2.40~2~3~5~8~9~10~11~14~16~24&rs_p=0&bl=0&stime=1703250724768&sa=6,10,11,5,6,7&sb=8,6,11,11,11,11&rs_c=1&sh=5&rs_m=1&c=0.10&sver=5&counter=188&l=20&s=6,7,8,8,6,8,10,7,8,8,8,8,10,9,8,10,8,5,10,9,10,10,5,5,8,6,10,11,5,11&w=2.40,
tw=0.00&balance=99,947.40&accm=cp&acci=0&index=97&balance_cash=99,947.40&reel_set=2&balance_bonus=0.00&na=s&accv=0&bl=0&stime=1703250730475&sa=11,10,5,9,9,7&sb=8,4,5,8,5,11&sh=5&c=0.10&sver=5&counter=194&l=20&s=10,10,5,9,7,7,10,10,8,11,7,8,5,9,8,11,4,8,5,9,11,5,4,5,8,4,11,5,4,5&w=0.00,
tw=0.00&balance=99,945.40&accm=cp&acci=0&index=98&balance_cash=99,945.40&reel_set=1&balance_bonus=0.00&na=s&accv=0&bl=0&stime=1703250733510&sa=4,7,5,11,3,8&sb=11,10,10,10,9,9&sh=5&c=0.10&sver=5&counter=196&l=20&s=4,10,8,3,11,5,3,9,8,11,11,6,3,6,11,3,8,11,7,6,7,7,10,10,6,11,5,7,10,11&w=0.00,
